30
3
B A B B O A O O O O B O O O B A A O O A A O O A O B O O O B
A B A A A A B O O O AB A O A A B A A O O O O B A O A O O O O
O AB B
1 6 7 8 9 12 15 18 19 20 21 22 24 26 27 28 29
0 2 3 4 5 7 8 9 11 12 13 14 16 17 18 19 20 21 23 24 25 26 27 28 29
1 6 7 8 9 12 15 18 19 20 21 22 24 26 27 28 29
1 6 7 8 9 12 15 18 19 20 21 22 24 26 27 28 29
7 8 9 12 18 19 20 21 24 26 27 28 29
0 2 3 4 5 7 8 9 11 12 13 14 16 17 18 19 20 21 23 24 25 26 27 28 29
7 8 9 12 18 19 20 21 24 26 27 28 29
7 8 9 12 18 19 20 21 24 26 27 28 29
7 8 9 12 18 19 20 21 24 26 27 28 29
7 8 9 12 18 19 20 21 24 26 27 28 29
1 6 7 8 9 12 15 18 19 20 21 22 24 26 27 28 29
7 8 9 12 18 19 20 21 24 26 27 28 29
7 8 9 12 18 19 20 21 24 26 27 28 29
7 8 9 12 18 19 20 21 24 26 27 28 29
1 6 7 8 9 12 15 18 19 20 21 22 24 26 27 28 29
0 2 3 4 5 7 8 9 11 12 13 14 16 17 18 19 20 21 23 24 25 26 27 28 29
0 2 3 4 5 7 8 9 11 12 13 14 16 17 18 19 20 21 23 24 25 26 27 28 29
7 8 9 12 18 19 20 21 24 26 27 28 29
7 8 9 12 18 19 20 21 24 26 27 28 29
0 2 3 4 5 7 8 9 11 12 13 14 16 17 18 19 20 21 23 24 25 26 27 28 29
0 2 3 4 5 7 8 9 11 12 13 14 16 17 18 19 20 21 23 24 25 26 27 28 29
7 8 9 12 18 19 20 21 24 26 27 28 29
7 8 9 12 18 19 20 21 24 26 27 28 29
0 2 3 4 5 7 8 9 11 12 13 14 16 17 18 19 20 21 23 24 25 26 27 28 29
7 8 9 12 18 19 20 21 24 26 27 28 29
1 6 7 8 9 12 15 18 19 20 21 22 24 26 27 28 29
7 8 9 12 18 19 20 21 24 26 27 28 29
7 8 9 12 18 19 20 21 24 26 27 28 29
7 8 9 12 18 19 20 21 24 26 27 28 29
1 6 7 8 9 12 15 18 19 20 21 22 24 26 27 28 29
0 10 -1 -1 -1 -1 3 18 7 4 -1 -1 13 -1 -1 6 -1 -1 14 2 9 8 5 -1 17 -1 15 12 11 16 1
19 1 22 17 12 5 -1 11 20 24 -1 14 16 25 21 -1 15 6 8 2 13 10 -1 23 26 18 3 7 4 9 0
-1 10 1 -1 -1 -1 18 16 6 3 -1 -1 9 -1 -1 13 -1 -1 17 7 11 8 15 -1 2 -1 4 14 5 12 0
-1 3 -1 1 -1 -1 8 6 10 18 -1 -1 12 -1 -1 5 -1 -1 4 17 15 2 7 -1 16 -1 14 13 11 9 0
-1 -1 -1 -1 1 -1 -1 10 13 6 -1 -1 8 -1 -1 -1 -1 -1 2 12 9 7 -1 -1 3 -1 14 4 5 11 0
18 -1 10 23 7 15 -1 4 17 14 -1 24 22 3 12 -1 1 5 6 19 25 13 -1 16 2 9 11 21 20 8 0
-1 -1 -1 -1 -1 -1 1 14 8 5 -1 -1 4 -1 -1 -1 -1 -1 3 10 9 2 -1 -1 12 -1 13 6 11 7 0
-1 -1 -1 -1 -1 -1 -1 7 11 4 -1 -1 8 -1 -1 -1 -1 -1 10 12 13 1 -1 -1 3 -1 6 2 5 9 0
-1 -1 -1 -1 -1 -1 -1 11 10 5 -1 -1 4 -1 -1 -1 -1 -1 6 9 3 13 -1 -1 7 -1 12 1 8 2 0
-1 -1 -1 -1 -1 -1 -1 9 4 10 -1 -1 2 -1 -1 -1 -1 -1 11 13 5 6 -1 -1 8 -1 12 7 1 3 0
-1 10 -1 -1 -1 -1 13 17 14 16 1 -1 4 -1 -1 5 -1 -1 2 11 18 8 3 -1 6 -1 7 15 12 9 0
-1 -1 -1 -1 -1 -1 -1 4 9 14 -1 0 13 -1 -1 -1 -1 -1 5 12 7 10 -1 -1 3 -1 8 11 2 6 1
-1 -1 -1 -1 -1 -1 -1 1 7 12 -1 -1 10 -1 -1 -1 -1 -1 11 13 9 4 -1 -1 3 -1 2 8 6 5 0
-1 -1 -1 -1 -1 -1 -1 11 3 2 -1 -1 5 0 -1 -1 -1 -1 13 14 10 12 -1 -1 8 -1 7 4 6 9 1
-1 8 -1 -1 -1 -1 15 6 13 7 -1 -1 10 -1 1 14 -1 -1 3 16 18 9 12 -1 5 -1 17 2 11 4 0
4 -1 12 6 15 18 -1 16 3 21 -1 23 11 20 7 1 17 24 9 25 2 10 -1 8 14 19 26 5 22 13 0
15 -1 5 20 25 10 -1 3 2 14 -1 4 7 23 17 -1 18 11 21 16 6 19 -1 22 24 13 12 9 8 1 0
-1 -1 -1 -1 -1 -1 -1 12 11 13 -1 -1 8 -1 -1 -1 -1 1 5 6 2 10 -1 -1 4 -1 3 7 9 14 0
-1 -1 -1 -1 -1 -1 -1 13 5 4 -1 -1 2 -1 -1 -1 -1 -1 11 8 9 7 -1 -1 12 -1 6 1 10 3 0
1 -1 5 23 17 3 -1 18 10 7 -1 11 22 16 14 -1 2 9 8 25 12 21 -1 6 4 15 24 13 19 20 0
3 -1 12 2 20 4 -1 14 13 18 -1 10 15 24 8 -1 21 25 23 17 22 1 -1 6 5 11 16 9 7 19 0
-1 -1 -1 -1 -1 -1 -1 1 12 6 -1 -1 5 -1 -1 -1 -1 -1 7 11 4 10 -1 -1 3 -1 9 13 2 8 0
-1 -1 -1 -1 -1 -1 -1 7 3 14 -1 -1 8 -1 -1 -1 -1 -1 2 12 4 11 0 -1 13 -1 10 9 6 5 1
16 -1 8 7 4 15 -1 9 14 3 -1 22 6 23 21 -1 11 25 19 12 24 10 -1 2 17 18 1 5 13 20 0
-1 -1 -1 -1 -1 -1 -1 13 9 11 -1 -1 4 -1 -1 -1 -1 -1 12 3 5 8 -1 -1 6 -1 10 2 7 1 0
-1 11 -1 -1 -1 -1 18 7 4 10 -1 -1 13 -1 -1 12 -1 -1 14 2 8 6 9 -1 17 1 3 16 5 15 0
-1 -1 -1 -1 -1 -1 -1 3 1 12 -1 -1 7 -1 -1 -1 -1 -1 11 5 8 4 -1 -1 10 -1 13 9 6 2 0
-1 -1 -1 -1 -1 -1 -1 4 13 3 -1 -1 6 -1 -1 -1 -1 -1 10 5 2 12 -1 -1 11 -1 1 9 8 7 0
-1 -1 -1 -1 -1 -1 -1 8 6 7 -1 -1 1 -1 -1 -1 -1 -1 12 10 3 5 -1 -1 11 -1 13 9 2 4 0
-1 8 -1 -1 -1 -1 10 1 11 9 -1 -1 2 -1 -1 16 -1 -1 13 3 14 4 5 -1 12 -1 6 17 15 7 0
