30
3
A A A O A AB B A A B A A O O O O A A B O B AB A A O O AB O O AB
O A O A O O A O O A O AB O A O B A O O B A B B O O A A A A O
O AB O
0 1 2 3 4 5 6 7 8 9 10 12 13 14 16 17 18 20 23 24 25 26 27 28 29
0 1 2 3 4 5 6 7 8 9 10 12 13 14 16 17 18 20 23 24 25 26 27 28 29
0 1 2 3 4 5 6 7 8 9 10 12 13 14 16 17 18 20 23 24 25 26 27 28 29
0 2 4 5 7 8 10 12 14 17 18 23 24 29
0 1 2 3 4 5 6 7 8 9 10 12 13 14 16 17 18 20 23 24 25 26 27 28 29
0 1 2 3 4 5 6 7 8 9 10 11 12 13 14 15 16 17 18 19 20 21 22 23 24 25 26 27 28 29
0 2 4 5 7 8 10 12 14 15 17 18 19 21 22 23 24 29
0 1 2 3 4 5 6 7 8 9 10 12 13 14 16 17 18 20 23 24 25 26 27 28 29
0 1 2 3 4 5 6 7 8 9 10 12 13 14 16 17 18 20 23 24 25 26 27 28 29
0 2 4 5 7 8 10 12 14 15 17 18 19 21 22 23 24 29
0 1 2 3 4 5 6 7 8 9 10 12 13 14 16 17 18 20 23 24 25 26 27 28 29
0 1 2 3 4 5 6 7 8 9 10 12 13 14 16 17 18 20 23 24 25 26 27 28 29
0 2 4 5 7 8 10 12 14 17 18 23 24 29
0 2 4 5 7 8 10 12 14 17 18 23 24 29
0 2 4 5 7 8 10 12 14 17 18 23 24 29
0 2 4 5 7 8 10 12 14 17 18 23 24 29
0 1 2 3 4 5 6 7 8 9 10 12 13 14 16 17 18 20 23 24 25 26 27 28 29
0 1 2 3 4 5 6 7 8 9 10 12 13 14 16 17 18 20 23 24 25 26 27 28 29
0 2 4 5 7 8 10 12 14 15 17 18 19 21 22 23 24 29
0 2 4 5 7 8 10 12 14 17 18 23 24 29
0 2 4 5 7 8 10 12 14 15 17 18 19 21 22 23 24 29
0 1 2 3 4 5 6 7 8 9 10 11 12 13 14 15 16 17 18 19 20 21 22 23 24 25 26 27 28 29
0 1 2 3 4 5 6 7 8 9 10 12 13 14 16 17 18 20 23 24 25 26 27 28 29
0 1 2 3 4 5 6 7 8 9 10 12 13 14 16 17 18 20 23 24 25 26 27 28 29
0 2 4 5 7 8 10 12 14 17 18 23 24 29
0 2 4 5 7 8 10 12 14 17 18 23 24 29
0 1 2 3 4 5 6 7 8 9 10 11 12 13 14 15 16 17 18 19 20 21 22 23 24 25 26 27 28 29
0 2 4 5 7 8 10 12 14 17 18 23 24 29
0 2 4 5 7 8 10 12 14 17 18 23 24 29
0 1 2 3 4 5 6 7 8 9 10 11 12 13 14 15 16 17 18 19 20 21 22 23 24 25 26 27 28 29
1 12 7 10 15 21 2 22 14 23 16 -1 3 8 24 -1 20 11 9 -1 6 -1 -1 5 17 19 13 25 18 4 0
21 1 14 15 17 8 13 16 24 11 18 -1 9 25 5 -1 12 3 20 -1 19 -1 -1 2 22 7 10 23 4 6 0
24 4 1 25 2 18 8 23 21 20 3 -1 17 19 22 -1 7 13 9 -1 10 -1 -1 16 5 15 12 11 14 6 0
8 -1 12 -1 7 11 -1 14 1 -1 13 -1 6 -1 10 -1 -1 3 5 -1 -1 -1 -1 4 9 -1 -1 -1 -1 2 0
20 25 7 5 1 21 18 8 13 6 10 -1 24 23 17 -1 3 4 14 -1 12 -1 -1 15 2 11 9 19 22 16 0
9 30 28 19 5 0 16 6 17 13 24 4 3 18 10 22 12 14 21 20 27 26 7 29 25 11 2 23 15 8 1
5 -1 15 -1 16 12 -1 13 8 -1 2 -1 11 -1 10 9 -1 17 1 4 -1 3 18 6 14 -1 -1 -1 -1 7 0
22 7 16 12 13 8 2 0 14 15 6 -1 19 18 20 -1 4 9 11 -1 17 -1 -1 3 10 23 21 25 5 24 1
20 15 13 2 5 23 9 10 0 22 6 -1 21 12 16 -1 4 8 17 -1 18 -1 -1 19 3 11 14 7 24 25 1
4 -1 10 -1 16 15 -1 9 1 -1 5 -1 13 -1 11 3 -1 7 17 18 -1 2 12 14 6 -1 -1 -1 -1 8 0
11 22 2 8 18 10 25 12 20 6 1 -1 24 14 16 -1 9 13 17 -1 4 -1 -1 19 3 7 23 21 5 15 0
9 3 20 22 1 17 8 18 12 2 16 -1 14 10 11 -1 7 5 24 -1 4 -1 -1 19 13 15 6 23 25 21 0
8 -1 3 -1 13 14 -1 9 4 -1 2 -1 0 -1 11 -1 -1 5 12 -1 -1 -1 -1 7 6 -1 -1 -1 -1 10 1
7 -1 2 -1 9 8 -1 12 11 -1 13 -1 4 -1 5 -1 -1 14 1 -1 -1 -1 -1 10 6 -1 -1 -1 -1 3 0
7 -1 9 -1 3 6 -1 5 14 -1 11 -1 4 -1 0 -1 -1 13 10 -1 -1 -1 -1 8 2 -1 -1 -1 -1 12 1
13 -1 3 -1 10 14 -1 4 2 -1 7 -1 12 -1 1 -1 -1 11 8 -1 -1 -1 -1 9 6 -1 -1 -1 -1 5 0
19 25 13 6 5 15 2 16 23 22 20 -1 21 24 12 -1 0 3 8 -1 9 -1 -1 17 4 14 11 7 18 10 1
14 7 2 11 24 15 13 23 9 25 4 -1 5 20 17 -1 22 1 10 -1 8 -1 -1 18 3 16 19 21 12 6 0
8 -1 7 -1 10 14 -1 18 4 -1 11 -1 6 -1 9 15 -1 13 1 16 -1 2 17 12 5 -1 -1 -1 -1 3 0
10 -1 9 -1 7 14 -1 13 4 -1 3 -1 2 -1 12 -1 -1 6 11 -1 -1 -1 -1 8 5 -1 -1 -1 -1 1 0
11 -1 1 -1 16 12 -1 10 4 -1 18 -1 17 -1 15 9 -1 7 6 2 -1 8 5 14 3 -1 -1 -1 -1 13 0
18 30 23 14 8 10 17 6 5 15 22 11 24 29 28 20 16 21 19 2 27 0 13 4 12 3 26 7 25 9 1
17 6 3 14 11 4 15 16 2 12 20 -1 10 5 7 -1 8 19 24 -1 1 -1 -1 25 9 23 21 22 13 18 0
11 23 13 4 8 18 10 7 3 21 17 -1 22 12 24 -1 14 20 2 -1 19 -1 -1 0 6 25 16 15 5 9 1
6 -1 14 -1 5 12 -1 4 10 -1 13 -1 9 -1 2 -1 -1 11 7 -1 -1 -1 -1 8 1 -1 -1 -1 -1 3 0
3 -1 5 -1 4 13 -1 6 7 -1 10 -1 12 -1 9 -1 -1 1 11 -1 -1 -1 -1 8 2 -1 -1 -1 -1 14 0
5 27 7 15 16 29 12 21 11 8 6 3 20 22 13 23 19 9 14 10 18 17 25 28 24 26 1 4 2 30 0
12 -1 3 -1 13 8 -1 1 9 -1 11 -1 5 -1 6 -1 -1 7 2 -1 -1 -1 -1 4 10 -1 -1 -1 -1 14 0
12 -1 9 -1 3 14 -1 4 13 -1 2 -1 5 -1 1 -1 -1 11 6 -1 -1 -1 -1 10 8 -1 -1 -1 -1 7 0
22 4 11 9 5 14 3 19 2 18 25 23 26 29 8 30 21 24 17 10 6 27 12 28 15 16 7 20 13 0 1
