30
3
O A A B O O B O O A A O O O B O O B A O A O A B A A O O O O
O O A A B AB B O B O B B A A A A A O O O O O B B O A O O O O
O O O
0 1 7 9 17 18 19 20 21 24 26 27 28 29
0 1 2 3 7 9 12 13 14 15 16 17 18 19 20 21 24 25 26 27 28 29
0 1 2 3 7 9 12 13 14 15 16 17 18 19 20 21 24 25 26 27 28 29
0 1 4 6 7 8 9 10 11 17 18 19 20 21 22 23 24 26 27 28 29
0 1 7 9 17 18 19 20 21 24 26 27 28 29
0 1 7 9 17 18 19 20 21 24 26 27 28 29
0 1 4 6 7 8 9 10 11 17 18 19 20 21 22 23 24 26 27 28 29
0 1 7 9 17 18 19 20 21 24 26 27 28 29
0 1 7 9 17 18 19 20 21 24 26 27 28 29
0 1 2 3 7 9 12 13 14 15 16 17 18 19 20 21 24 25 26 27 28 29
0 1 2 3 7 9 12 13 14 15 16 17 18 19 20 21 24 25 26 27 28 29
0 1 7 9 17 18 19 20 21 24 26 27 28 29
0 1 7 9 17 18 19 20 21 24 26 27 28 29
0 1 7 9 17 18 19 20 21 24 26 27 28 29
0 1 4 6 7 8 9 10 11 17 18 19 20 21 22 23 24 26 27 28 29
0 1 7 9 17 18 19 20 21 24 26 27 28 29
0 1 7 9 17 18 19 20 21 24 26 27 28 29
0 1 4 6 7 8 9 10 11 17 18 19 20 21 22 23 24 26 27 28 29
0 1 2 3 7 9 12 13 14 15 16 17 18 19 20 21 24 25 26 27 28 29
0 1 7 9 17 18 19 20 21 24 26 27 28 29
0 1 2 3 7 9 12 13 14 15 16 17 18 19 20 21 24 25 26 27 28 29
0 1 7 9 17 18 19 20 21 24 26 27 28 29
0 1 2 3 7 9 12 13 14 15 16 17 18 19 20 21 24 25 26 27 28 29
0 1 4 6 7 8 9 10 11 17 18 19 20 21 22 23 24 26 27 28 29
0 1 2 3 7 9 12 13 14 15 16 17 18 19 20 21 24 25 26 27 28 29
0 1 2 3 7 9 12 13 14 15 16 17 18 19 20 21 24 25 26 27 28 29
0 1 7 9 17 18 19 20 21 24 26 27 28 29
0 1 7 9 17 18 19 20 21 24 26 27 28 29
0 1 7 9 17 18 19 20 21 24 26 27 28 29
0 1 7 9 17 18 19 20 21 24 26 27 28 29
1 3 -1 -1 -1 -1 -1 14 -1 13 -1 -1 -1 -1 -1 -1 -1 11 12 5 2 6 -1 -1 4 -1 8 10 7 9 0
8 1 10 3 -1 -1 -1 13 -1 2 -1 -1 17 16 6 21 20 11 7 14 19 15 -1 -1 12 9 5 22 18 4 0
4 18 0 9 -1 -1 -1 7 -1 3 -1 -1 15 12 6 14 2 20 5 10 19 13 -1 -1 17 22 16 8 11 21 1
10 17 -1 -1 16 -1 20 14 3 9 18 21 -1 -1 -1 -1 -1 5 6 11 4 12 15 1 13 -1 19 2 8 7 0
2 9 -1 -1 -1 -1 -1 7 -1 12 -1 -1 -1 -1 -1 -1 -1 3 1 10 5 13 -1 -1 8 -1 14 11 4 6 0
6 10 -1 -1 -1 -1 -1 2 -1 14 -1 -1 -1 -1 -1 -1 -1 4 5 1 11 9 -1 -1 7 -1 3 8 13 12 0
18 15 -1 -1 7 -1 1 20 14 10 3 13 -1 -1 -1 -1 -1 4 5 19 8 2 12 16 17 -1 21 9 11 6 0
5 2 -1 -1 -1 -1 -1 0 -1 11 -1 -1 -1 -1 -1 -1 -1 3 4 8 6 9 -1 -1 7 -1 13 12 10 14 1
14 2 -1 -1 -1 -1 -1 7 -1 8 -1 -1 -1 -1 -1 -1 -1 10 6 11 3 13 -1 -1 1 -1 12 9 5 4 0
21 14 4 16 -1 -1 -1 17 -1 1 -1 -1 22 9 2 10 7 3 6 19 8 12 -1 -1 11 5 15 13 18 20 0
8 12 3 5 -1 -1 -1 1 -1 14 -1 -1 20 19 6 11 13 10 21 22 7 17 -1 -1 18 2 15 4 9 16 0
1 5 -1 -1 -1 -1 -1 3 -1 13 -1 -1 -1 -1 -1 -1 -1 14 8 6 9 2 -1 -1 10 -1 11 12 4 7 0
11 10 -1 -1 -1 -1 -1 14 -1 9 -1 -1 -1 -1 -1 -1 -1 13 5 8 3 6 -1 -1 12 -1 7 2 1 4 0
13 2 -1 -1 -1 -1 -1 10 -1 3 -1 -1 -1 -1 -1 -1 -1 14 4 11 6 8 -1 -1 12 -1 1 5 7 9 0
14 20 -1 -1 4 -1 8 18 6 15 5 3 -1 -1 -1 -1 -1 13 7 10 11 16 17 9 21 -1 12 19 2 1 0
2 10 -1 -1 -1 -1 -1 5 -1 12 -1 -1 -1 -1 -1 -1 -1 13 9 3 14 7 -1 -1 1 -1 4 8 6 11 0
5 3 -1 -1 -1 -1 -1 10 -1 1 -1 -1 -1 -1 -1 -1 -1 12 14 4 9 6 -1 -1 8 -1 2 11 13 7 0
2 11 -1 -1 4 -1 15 5 3 21 13 8 -1 -1 -1 -1 -1 0 14 17 7 20 16 12 10 -1 19 18 6 9 1
17 18 6 15 -1 -1 -1 11 -1 10 -1 -1 7 16 4 3 22 13 0 20 9 8 -1 -1 5 21 12 14 19 2 1
5 9 -1 -1 -1 -1 -1 3 -1 12 -1 -1 -1 -1 -1 -1 -1 14 13 1 6 8 -1 -1 11 -1 2 10 4 7 0
9 16 21 22 -1 -1 -1 11 -1 15 -1 -1 2 8 20 6 14 17 18 13 1 10 -1 -1 4 19 12 5 3 7 0
7 14 -1 -1 -1 -1 -1 11 -1 10 -1 -1 -1 -1 -1 -1 -1 2 13 5 9 1 -1 -1 3 -1 8 12 6 4 0
9 18 10 6 -1 -1 -1 19 -1 8 -1 -1 2 5 22 17 7 20 3 16 11 1 -1 -1 15 13 21 14 12 4 0
20 8 -1 -1 6 -1 5 17 13 3 7 18 -1 -1 -1 -1 -1 10 4 21 9 12 14 0 16 -1 15 11 2 19 1
15 18 10 14 -1 -1 -1 4 -1 19 -1 -1 22 9 11 12 21 8 5 2 13 16 -1 -1 1 6 17 20 3 7 0
12 4 2 20 -1 -1 -1 14 -1 6 -1 -1 11 9 10 17 8 16 7 22 15 19 -1 -1 18 1 21 13 5 3 0
13 9 -1 -1 -1 -1 -1 14 -1 3 -1 -1 -1 -1 -1 -1 -1 5 6 10 11 4 -1 -1 2 -1 1 12 7 8 0
11 4 -1 -1 -1 -1 -1 13 -1 3 -1 -1 -1 -1 -1 -1 -1 5 6 7 2 8 -1 -1 9 -1 10 0 12 14 1
2 13 -1 -1 -1 -1 -1 6 -1 5 -1 -1 -1 -1 -1 -1 -1 3 10 11 9 7 -1 -1 12 -1 14 8 1 4 0
9 12 -1 -1 -1 -1 -1 10 -1 5 -1 -1 -1 -1 -1 -1 -1 3 14 4 2 7 -1 -1 13 -1 11 8 6 1 0
