30
3
A A AB A A O O O O O A A A A A A A B O B A A A A A O O B A O
AB A O O B A AB A A A O O B A B O A O B O AB B O O B O A O O O
O O A
1 2 3 5 7 8 9 10 11 13 15 16 17 19 22 23 25 26 27 28 29
1 2 3 5 7 8 9 10 11 13 15 16 17 19 22 23 25 26 27 28 29
0 1 2 3 4 5 6 7 8 9 10 11 12 13 14 15 16 17 18 19 20 21 22 23 24 25 26 27 28 29
1 2 3 5 7 8 9 10 11 13 15 16 17 19 22 23 25 26 27 28 29
1 2 3 5 7 8 9 10 11 13 15 16 17 19 22 23 25 26 27 28 29
2 3 10 11 15 17 19 22 23 25 27 28 29
2 3 10 11 15 17 19 22 23 25 27 28 29
2 3 10 11 15 17 19 22 23 25 27 28 29
2 3 10 11 15 17 19 22 23 25 27 28 29
2 3 10 11 15 17 19 22 23 25 27 28 29
1 2 3 5 7 8 9 10 11 13 15 16 17 19 22 23 25 26 27 28 29
1 2 3 5 7 8 9 10 11 13 15 16 17 19 22 23 25 26 27 28 29
1 2 3 5 7 8 9 10 11 13 15 16 17 19 22 23 25 26 27 28 29
1 2 3 5 7 8 9 10 11 13 15 16 17 19 22 23 25 26 27 28 29
1 2 3 5 7 8 9 10 11 13 15 16 17 19 22 23 25 26 27 28 29
1 2 3 5 7 8 9 10 11 13 15 16 17 19 22 23 25 26 27 28 29
1 2 3 5 7 8 9 10 11 13 15 16 17 19 22 23 25 26 27 28 29
2 3 4 10 11 12 14 15 17 18 19 21 22 23 24 25 27 28 29
2 3 10 11 15 17 19 22 23 25 27 28 29
2 3 4 10 11 12 14 15 17 18 19 21 22 23 24 25 27 28 29
1 2 3 5 7 8 9 10 11 13 15 16 17 19 22 23 25 26 27 28 29
1 2 3 5 7 8 9 10 11 13 15 16 17 19 22 23 25 26 27 28 29
1 2 3 5 7 8 9 10 11 13 15 16 17 19 22 23 25 26 27 28 29
1 2 3 5 7 8 9 10 11 13 15 16 17 19 22 23 25 26 27 28 29
1 2 3 5 7 8 9 10 11 13 15 16 17 19 22 23 25 26 27 28 29
2 3 10 11 15 17 19 22 23 25 27 28 29
2 3 10 11 15 17 19 22 23 25 27 28 29
2 3 4 10 11 12 14 15 17 18 19 21 22 23 24 25 27 28 29
1 2 3 5 7 8 9 10 11 13 15 16 17 19 22 23 25 26 27 28 29
2 3 10 11 15 17 19 22 23 25 27 28 29
0 16 7 6 -1 4 -1 2 12 11 21 9 -1 20 -1 8 5 3 -1 19 -1 -1 18 17 -1 13 15 10 22 14 1
-1 -1 15 21 -1 11 -1 16 7 13 10 3 -1 1 -1 6 17 20 -1 4 -1 -1 8 12 -1 19 2 14 9 18 0
9 8 -1 23 16 10 29 13 1 5 19 26 22 6 20 25 27 28 12 18 24 15 3 14 11 2 17 4 30 21 0
-1 5 3 -1 -1 8 -1 17 9 20 13 18 -1 1 -1 4 14 21 -1 19 -1 -1 10 7 -1 15 2 6 12 11 0
-1 12 21 10 0 18 -1 8 19 14 5 15 -1 3 -1 17 16 22 -1 7 -1 -1 2 6 -1 4 11 13 20 9 1
-1 -1 12 6 -1 1 -1 -1 -1 -1 5 8 -1 -1 -1 3 -1 11 -1 2 -1 -1 4 9 -1 13 -1 10 7 14 0
-1 -1 3 4 -1 -1 0 -1 -1 -1 10 6 -1 -1 -1 9 -1 5 -1 8 -1 -1 2 11 -1 13 -1 12 14 7 1
-1 -1 2 13 -1 -1 -1 0 -1 -1 4 14 -1 -1 -1 12 -1 6 -1 3 -1 -1 10 5 -1 11 -1 8 9 7 1
-1 -1 11 10 -1 -1 -1 -1 1 -1 4 13 -1 -1 -1 5 -1 12 -1 7 -1 -1 3 9 -1 2 -1 6 14 8 0
-1 -1 14 12 -1 -1 -1 -1 -1 0 3 9 -1 -1 -1 11 -1 10 -1 8 -1 -1 4 13 -1 5 -1 6 2 7 1
-1 6 12 8 -1 19 -1 21 5 16 -1 11 -1 7 -1 14 10 3 -1 17 -1 -1 2 20 -1 18 4 9 1 13 0
-1 19 3 16 -1 12 -1 9 11 14 2 -1 -1 15 -1 21 10 17 -1 6 -1 -1 5 8 -1 13 4 7 20 1 0
-1 8 12 19 -1 11 -1 5 18 21 10 15 0 3 -1 17 2 9 -1 16 -1 -1 4 14 -1 22 13 20 7 6 1
-1 12 16 19 -1 6 -1 1 7 15 11 17 -1 -1 -1 4 3 14 -1 13 -1 -1 8 5 -1 21 20 2 10 9 0
-1 9 14 17 -1 22 -1 15 3 8 16 12 -1 7 1 4 21 6 -1 13 -1 -1 11 19 -1 5 20 2 18 10 0
-1 5 1 4 -1 14 -1 10 3 13 18 17 -1 12 -1 -1 2 20 -1 7 -1 -1 19 15 -1 9 6 11 21 8 0
-1 21 2 3 -1 16 -1 15 19 14 11 20 -1 17 -1 4 -1 1 -1 12 -1 -1 13 10 -1 5 7 18 6 9 0
-1 -1 2 11 14 -1 -1 -1 -1 -1 10 18 5 -1 7 19 -1 -1 15 12 -1 16 8 13 6 9 -1 1 17 4 0
-1 -1 9 14 -1 -1 -1 -1 -1 -1 4 3 -1 -1 -1 10 -1 6 0 8 -1 -1 5 11 -1 13 -1 7 2 12 1
-1 -1 3 5 1 -1 -1 -1 -1 -1 16 13 2 -1 6 10 -1 17 8 -1 -1 14 15 18 11 19 -1 12 7 9 0
-1 17 15 19 -1 14 -1 10 9 13 7 8 -1 16 -1 20 18 6 -1 3 0 -1 12 4 -1 11 21 22 5 2 1
-1 2 14 4 -1 12 -1 10 21 8 18 13 -1 3 -1 15 6 9 -1 16 -1 0 17 7 -1 22 5 20 19 11 1
-1 20 16 13 -1 19 -1 2 3 6 8 7 -1 15 -1 9 4 21 -1 12 -1 -1 -1 1 -1 10 11 17 14 5 0
-1 10 2 3 -1 13 -1 21 5 8 19 20 -1 14 -1 9 12 1 -1 4 -1 -1 7 -1 -1 15 18 16 17 6 0
-1 21 18 12 -1 20 -1 19 10 5 16 11 -1 9 -1 17 8 14 -1 2 -1 -1 15 7 1 4 22 3 6 13 0
-1 -1 2 12 -1 -1 -1 -1 -1 -1 8 7 -1 -1 -1 13 -1 10 -1 9 -1 -1 11 3 -1 -1 -1 5 1 4 0
-1 -1 6 5 -1 -1 -1 -1 -1 -1 10 13 -1 -1 -1 11 -1 9 -1 7 -1 -1 8 14 -1 2 1 12 3 4 0
-1 -1 18 14 4 -1 -1 -1 -1 -1 16 8 13 -1 5 9 -1 1 15 19 -1 7 6 17 3 11 -1 -1 12 10 0
-1 9 11 15 -1 12 -1 10 3 1 21 19 -1 8 -1 7 14 20 -1 16 -1 -1 13 18 -1 4 17 2 -1 6 0
-1 -1 12 6 -1 -1 -1 -1 -1 -1 3 8 -1 -1 -1 1 -1 13 -1 4 -1 -1 7 2 -1 10 -1 9 5 -1 0
