30
3
O A A A B A O O A B A A O A O A A O O A A O B A O A O O O O
O O A O A O O O O O A AB O O O O O A B B B AB O A A A O O A O
O B A
0 1 3 5 6 7 8 9 12 13 14 15 16 22 26 27 29
0 1 2 3 4 5 6 7 8 9 10 12 13 14 15 16 17 22 23 24 25 26 27 28 29
0 1 2 3 4 5 6 7 8 9 10 12 13 14 15 16 17 22 23 24 25 26 27 28 29
0 1 2 3 4 5 6 7 8 9 10 12 13 14 15 16 17 22 23 24 25 26 27 28 29
0 1 3 5 6 7 8 9 12 13 14 15 16 18 19 20 22 26 27 29
0 1 2 3 4 5 6 7 8 9 10 12 13 14 15 16 17 22 23 24 25 26 27 28 29
0 1 3 5 6 7 8 9 12 13 14 15 16 22 26 27 29
0 1 3 5 6 7 8 9 12 13 14 15 16 22 26 27 29
0 1 2 3 4 5 6 7 8 9 10 12 13 14 15 16 17 22 23 24 25 26 27 28 29
0 1 3 5 6 7 8 9 12 13 14 15 16 18 19 20 22 26 27 29
0 1 2 3 4 5 6 7 8 9 10 12 13 14 15 16 17 22 23 24 25 26 27 28 29
0 1 2 3 4 5 6 7 8 9 10 12 13 14 15 16 17 22 23 24 25 26 27 28 29
0 1 3 5 6 7 8 9 12 13 14 15 16 22 26 27 29
0 1 2 3 4 5 6 7 8 9 10 12 13 14 15 16 17 22 23 24 25 26 27 28 29
0 1 3 5 6 7 8 9 12 13 14 15 16 22 26 27 29
0 1 2 3 4 5 6 7 8 9 10 12 13 14 15 16 17 22 23 24 25 26 27 28 29
0 1 2 3 4 5 6 7 8 9 10 12 13 14 15 16 17 22 23 24 25 26 27 28 29
0 1 3 5 6 7 8 9 12 13 14 15 16 22 26 27 29
0 1 3 5 6 7 8 9 12 13 14 15 16 22 26 27 29
0 1 2 3 4 5 6 7 8 9 10 12 13 14 15 16 17 22 23 24 25 26 27 28 29
0 1 2 3 4 5 6 7 8 9 10 12 13 14 15 16 17 22 23 24 25 26 27 28 29
0 1 3 5 6 7 8 9 12 13 14 15 16 22 26 27 29
0 1 3 5 6 7 8 9 12 13 14 15 16 18 19 20 22 26 27 29
0 1 2 3 4 5 6 7 8 9 10 12 13 14 15 16 17 22 23 24 25 26 27 28 29
0 1 3 5 6 7 8 9 12 13 14 15 16 22 26 27 29
0 1 2 3 4 5 6 7 8 9 10 12 13 14 15 16 17 22 23 24 25 26 27 28 29
0 1 3 5 6 7 8 9 12 13 14 15 16 22 26 27 29
0 1 3 5 6 7 8 9 12 13 14 15 16 22 26 27 29
0 1 3 5 6 7 8 9 12 13 14 15 16 22 26 27 29
0 1 3 5 6 7 8 9 12 13 14 15 16 22 26 27 29
1 10 -1 8 -1 11 14 17 13 12 -1 -1 16 2 6 5 4 -1 -1 -1 -1 -1 9 -1 -1 -1 7 15 -1 3 0
3 1 7 2 10 6 4 19 13 25 16 -1 12 11 23 5 24 14 -1 -1 -1 -1 8 20 18 15 9 21 22 17 0
16 9 1 17 3 8 19 24 7 23 5 -1 6 25 10 20 2 14 -1 -1 -1 -1 21 12 4 22 13 11 15 18 0
6 4 24 0 23 16 12 22 2 20 9 -1 18 7 15 25 17 5 -1 -1 -1 -1 3 19 13 14 8 21 11 10 1
8 16 -1 4 -1 3 5 20 2 15 -1 -1 19 17 7 11 14 -1 13 9 12 -1 6 -1 -1 -1 10 1 -1 18 0
5 10 14 4 24 1 18 8 2 11 13 -1 19 16 15 21 17 9 -1 -1 -1 -1 20 3 7 22 25 23 6 12 0
8 17 -1 10 -1 15 1 13 4 9 -1 -1 5 2 11 3 12 -1 -1 -1 -1 -1 14 -1 -1 -1 6 16 -1 7 0
14 12 -1 2 -1 13 15 1 5 17 -1 -1 7 11 10 4 3 -1 -1 -1 -1 -1 16 -1 -1 -1 6 9 -1 8 0
4 7 11 13 24 16 23 5 1 14 3 -1 20 12 19 15 8 21 -1 -1 -1 -1 18 9 10 6 22 25 17 2 0
10 18 -1 3 -1 11 8 5 19 0 -1 -1 14 6 2 16 9 -1 20 15 12 -1 4 -1 -1 -1 7 17 -1 13 1
24 14 21 7 17 4 3 12 23 16 0 -1 11 6 22 18 2 20 -1 -1 -1 -1 5 9 15 8 25 10 13 19 1
24 18 7 1 9 6 12 10 11 8 23 -1 5 19 3 15 22 2 -1 -1 -1 -1 20 17 4 16 13 25 14 21 0
2 6 -1 16 -1 15 8 14 17 9 -1 -1 1 4 5 12 10 -1 -1 -1 -1 -1 7 -1 -1 -1 11 13 -1 3 0
14 7 23 2 4 11 15 5 22 8 21 -1 10 1 13 12 18 24 -1 -1 -1 -1 25 19 16 3 9 6 20 17 0
6 16 -1 5 -1 10 7 15 8 11 -1 -1 12 2 1 4 17 -1 -1 -1 -1 -1 14 -1 -1 -1 3 13 -1 9 0
7 5 19 24 22 6 18 13 23 14 11 -1 4 20 17 0 9 8 -1 -1 -1 -1 21 3 15 16 2 10 12 25 1
25 8 15 19 4 18 21 6 7 12 22 -1 9 16 17 23 1 10 -1 -1 -1 -1 5 2 20 3 11 24 14 13 0
10 14 -1 6 -1 8 9 13 17 7 -1 -1 5 16 4 1 15 -1 -1 -1 -1 -1 2 -1 -1 -1 12 3 -1 11 0
5 11 -1 14 -1 3 4 8 12 15 -1 -1 6 9 13 10 1 -1 -1 -1 -1 -1 17 -1 -1 -1 2 16 -1 7 0
25 2 6 23 21 10 24 15 3 14 1 -1 12 7 17 22 11 16 -1 -1 -1 -1 13 9 8 18 19 5 4 20 0
9 13 11 22 7 12 3 23 16 15 4 -1 24 1 21 25 19 2 -1 -1 -1 -1 18 14 10 5 6 20 8 17 0
3 1 -1 11 -1 17 14 6 13 4 -1 -1 7 5 16 8 9 -1 -1 -1 -1 -1 12 -1 -1 -1 10 2 -1 15 0
13 10 -1 12 -1 11 3 5 2 19 -1 -1 15 8 17 7 20 -1 6 4 9 -1 0 -1 -1 -1 16 14 -1 18 1
21 14 19 22 25 8 12 20 6 24 15 -1 7 11 5 13 9 18 -1 -1 -1 -1 17 1 2 3 23 16 10 4 0
12 5 -1 6 -1 1 16 7 15 14 -1 -1 13 8 10 2 4 -1 -1 -1 -1 -1 11 -1 -1 -1 17 3 -1 9 0
23 21 2 12 20 16 14 5 8 22 7 -1 4 9 15 3 19 24 -1 -1 -1 -1 6 18 13 1 10 11 17 25 0
17 3 -1 16 -1 11 14 2 13 5 -1 -1 8 7 12 4 15 -1 -1 -1 -1 -1 6 -1 -1 -1 1 9 -1 10 0
17 6 -1 10 -1 15 5 12 13 14 -1 -1 4 7 16 2 3 -1 -1 -1 -1 -1 9 -1 -1 -1 11 1 -1 8 0
14 8 -1 5 -1 12 10 16 4 15 -1 -1 9 11 6 7 3 -1 -1 -1 -1 -1 2 -1 -1 -1 17 1 -1 13 0
7 17 -1 2 -1 6 5 4 15 3 -1 -1 16 9 11 12 10 -1 -1 -1 -1 -1 8 -1 -1 -1 14 13 -1 0 1
