30
3
O O A O O O A A A O A O A O A A B O O A A A O O AB O O O A O
O A O O O O A O O A O A A O AB A A A O A A A O A AB O A O O O
A A A
0 2 3 4 5 7 8 10 13 18 22 25 27 28 29
0 2 3 4 5 7 8 10 13 18 22 25 27 28 29
0 1 2 3 4 5 6 7 8 9 10 11 12 13 15 16 17 18 19 20 21 22 23 25 26 27 28 29
0 2 3 4 5 7 8 10 13 18 22 25 27 28 29
0 2 3 4 5 7 8 10 13 18 22 25 27 28 29
0 2 3 4 5 7 8 10 13 18 22 25 27 28 29
0 1 2 3 4 5 6 7 8 9 10 11 12 13 15 16 17 18 19 20 21 22 23 25 26 27 28 29
0 1 2 3 4 5 6 7 8 9 10 11 12 13 15 16 17 18 19 20 21 22 23 25 26 27 28 29
0 1 2 3 4 5 6 7 8 9 10 11 12 13 15 16 17 18 19 20 21 22 23 25 26 27 28 29
0 2 3 4 5 7 8 10 13 18 22 25 27 28 29
0 1 2 3 4 5 6 7 8 9 10 11 12 13 15 16 17 18 19 20 21 22 23 25 26 27 28 29
0 2 3 4 5 7 8 10 13 18 22 25 27 28 29
0 1 2 3 4 5 6 7 8 9 10 11 12 13 15 16 17 18 19 20 21 22 23 25 26 27 28 29
0 2 3 4 5 7 8 10 13 18 22 25 27 28 29
0 1 2 3 4 5 6 7 8 9 10 11 12 13 15 16 17 18 19 20 21 22 23 25 26 27 28 29
0 1 2 3 4 5 6 7 8 9 10 11 12 13 15 16 17 18 19 20 21 22 23 25 26 27 28 29
0 2 3 4 5 7 8 10 13 18 22 25 27 28 29
0 2 3 4 5 7 8 10 13 18 22 25 27 28 29
0 2 3 4 5 7 8 10 13 18 22 25 27 28 29
0 1 2 3 4 5 6 7 8 9 10 11 12 13 15 16 17 18 19 20 21 22 23 25 26 27 28 29
0 1 2 3 4 5 6 7 8 9 10 11 12 13 15 16 17 18 19 20 21 22 23 25 26 27 28 29
0 1 2 3 4 5 6 7 8 9 10 11 12 13 15 16 17 18 19 20 21 22 23 25 26 27 28 29
0 2 3 4 5 7 8 10 13 18 22 25 27 28 29
0 2 3 4 5 7 8 10 13 18 22 25 27 28 29
0 1 2 3 4 5 6 7 8 9 10 11 12 13 14 15 16 17 18 19 20 21 22 23 24 25 26 27 28 29
0 2 3 4 5 7 8 10 13 18 22 25 27 28 29
0 2 3 4 5 7 8 10 13 18 22 25 27 28 29
0 2 3 4 5 7 8 10 13 18 22 25 27 28 29
0 1 2 3 4 5 6 7 8 9 10 11 12 13 15 16 17 18 19 20 21 22 23 25 26 27 28 29
0 2 3 4 5 7 8 10 13 18 22 25 27 28 29
-1 -1 10 7 3 4 -1 13 9 -1 15 -1 -1 1 -1 -1 -1 -1 5 -1 -1 -1 6 -1 -1 14 -1 2 12 11 0
14 0 15 7 9 11 -1 10 16 -1 5 -1 -1 6 -1 -1 -1 -1 4 -1 -1 -1 2 -1 -1 13 -1 3 12 8 1
21 19 -1 12 16 3 10 25 1 14 8 2 24 20 -1 27 4 17 9 28 26 22 13 15 -1 18 5 23 7 11 0
3 -1 2 -1 4 9 -1 15 13 -1 7 -1 -1 11 -1 -1 -1 -1 12 -1 -1 -1 14 -1 -1 6 -1 5 8 1 0
5 -1 11 2 -1 9 -1 4 12 -1 14 -1 -1 10 -1 -1 -1 -1 8 -1 -1 -1 13 -1 -1 1 -1 6 15 7 0
4 -1 11 6 10 -1 -1 12 9 -1 14 -1 -1 2 -1 -1 -1 -1 7 -1 -1 -1 3 -1 -1 15 -1 1 8 13 0
6 22 13 19 3 7 -1 23 5 28 14 26 11 8 -1 1 21 17 18 24 25 27 20 10 -1 16 15 2 9 4 0
1 19 17 6 2 15 21 -1 18 22 25 7 9 5 -1 28 13 8 3 16 14 27 10 26 -1 11 4 12 24 20 0
18 14 3 22 12 5 24 6 -1 7 21 25 19 17 -1 28 9 4 15 20 2 26 8 13 -1 10 27 1 23 16 0
4 -1 13 10 16 9 -1 5 2 0 8 -1 -1 15 -1 -1 -1 -1 14 -1 -1 -1 6 -1 -1 7 -1 3 12 11 1
7 11 3 12 16 26 5 14 17 27 -1 9 1 18 -1 2 8 6 24 4 10 28 19 25 -1 21 20 13 15 22 0
6 -1 2 10 16 3 -1 13 9 -1 12 1 -1 15 -1 -1 -1 -1 4 -1 -1 -1 7 -1 -1 8 -1 14 11 5 0
6 13 24 20 12 2 14 9 15 10 25 5 -1 7 -1 27 28 8 17 11 4 21 3 26 -1 1 22 18 19 23 0
12 -1 1 9 3 8 -1 5 15 -1 6 -1 -1 -1 -1 -1 -1 -1 10 -1 -1 -1 4 -1 -1 14 -1 11 7 13 0
12 19 6 7 11 14 8 21 28 18 10 23 4 16 0 24 5 29 13 27 9 25 3 2 -1 26 20 15 17 22 1
9 12 21 11 5 8 14 20 22 19 6 15 17 24 -1 -1 4 27 25 2 16 28 3 10 -1 18 13 23 1 7 0
3 -1 14 7 5 16 -1 15 6 -1 12 -1 -1 11 -1 -1 1 -1 4 -1 -1 -1 10 -1 -1 13 -1 2 9 8 0
8 -1 15 4 7 12 -1 9 6 -1 5 -1 -1 14 -1 -1 -1 1 13 -1 -1 -1 3 -1 -1 10 -1 16 2 11 0
10 -1 1 3 15 9 -1 14 5 -1 4 -1 -1 13 -1 -1 -1 -1 -1 -1 -1 -1 12 -1 -1 2 -1 7 8 6 0
16 24 13 19 18 22 17 26 11 15 27 21 9 8 -1 14 25 10 2 -1 23 4 28 5 -1 3 12 6 1 7 0
14 12 15 18 9 27 4 13 8 20 1 26 10 24 -1 17 22 19 23 16 -1 7 21 25 -1 11 28 3 6 2 0
17 13 15 25 9 6 23 14 8 1 7 2 5 24 -1 12 19 26 22 10 28 -1 18 21 -1 3 4 16 27 11 0
13 -1 14 4 15 5 -1 2 1 -1 9 -1 -1 6 -1 -1 -1 -1 8 -1 -1 -1 -1 -1 -1 10 -1 7 11 12 0
10 -1 4 13 15 8 -1 7 11 -1 16 -1 -1 6 -1 -1 -1 -1 2 -1 -1 -1 12 1 -1 5 -1 3 9 14 0
26 12 11 6 29 20 16 5 17 18 14 3 24 2 25 10 22 19 28 30 1 7 13 9 -1 23 15 21 27 8 0
2 -1 13 9 10 7 -1 15 11 -1 4 -1 -1 5 -1 -1 -1 -1 1 -1 -1 -1 14 -1 -1 -1 -1 3 6 8 0
15 -1 13 2 16 6 -1 9 3 -1 10 -1 -1 7 -1 -1 -1 -1 4 -1 -1 -1 11 -1 -1 5 0 14 8 12 1
4 -1 13 3 9 7 -1 6 1 -1 10 -1 -1 12 -1 -1 -1 -1 2 -1 -1 -1 8 -1 -1 14 -1 -1 5 11 0
21 15 6 12 27 17 13 19 11 28 10 2 16 7 -1 1 14 24 26 8 23 25 20 5 -1 22 9 4 -1 18 0
14 -1 15 9 2 12 -1 3 6 -1 1 -1 -1 5 -1 -1 -1 -1 10 -1 -1 -1 13 -1 -1 7 -1 11 8 -1 0
