30
3
A A O O O A O B O O O O O A O O O A O O O B O A A O O O A A
O B A O O A A O O A O O O A B O A A O B A O A A A O B A O B
O AB O
0 2 3 4 5 6 7 8 9 10 11 12 13 15 16 17 18 20 21 22 23 24 25 27 28
0 2 3 4 5 6 7 8 9 10 11 12 13 15 16 17 18 20 21 22 23 24 25 27 28
0 3 4 7 8 10 11 12 15 18 21 25 28
0 3 4 7 8 10 11 12 15 18 21 25 28
0 3 4 7 8 10 11 12 15 18 21 25 28
0 2 3 4 5 6 7 8 9 10 11 12 13 15 16 17 18 20 21 22 23 24 25 27 28
0 3 4 7 8 10 11 12 15 18 21 25 28
0 1 3 4 7 8 10 11 12 14 15 18 19 21 25 26 28 29
0 3 4 7 8 10 11 12 15 18 21 25 28
0 3 4 7 8 10 11 12 15 18 21 25 28
0 3 4 7 8 10 11 12 15 18 21 25 28
0 3 4 7 8 10 11 12 15 18 21 25 28
0 3 4 7 8 10 11 12 15 18 21 25 28
0 2 3 4 5 6 7 8 9 10 11 12 13 15 16 17 18 20 21 22 23 24 25 27 28
0 3 4 7 8 10 11 12 15 18 21 25 28
0 3 4 7 8 10 11 12 15 18 21 25 28
0 3 4 7 8 10 11 12 15 18 21 25 28
0 2 3 4 5 6 7 8 9 10 11 12 13 15 16 17 18 20 21 22 23 24 25 27 28
0 3 4 7 8 10 11 12 15 18 21 25 28
0 3 4 7 8 10 11 12 15 18 21 25 28
0 3 4 7 8 10 11 12 15 18 21 25 28
0 1 3 4 7 8 10 11 12 14 15 18 19 21 25 26 28 29
0 3 4 7 8 10 11 12 15 18 21 25 28
0 2 3 4 5 6 7 8 9 10 11 12 13 15 16 17 18 20 21 22 23 24 25 27 28
0 2 3 4 5 6 7 8 9 10 11 12 13 15 16 17 18 20 21 22 23 24 25 27 28
0 3 4 7 8 10 11 12 15 18 21 25 28
0 3 4 7 8 10 11 12 15 18 21 25 28
0 3 4 7 8 10 11 12 15 18 21 25 28
0 2 3 4 5 6 7 8 9 10 11 12 13 15 16 17 18 20 21 22 23 24 25 27 28
0 2 3 4 5 6 7 8 9 10 11 12 13 15 16 17 18 20 21 22 23 24 25 27 28
-1 -1 25 13 17 14 11 12 23 19 6 8 24 10 -1 5 9 3 21 -1 7 15 20 1 18 2 -1 16 22 -1 0
9 1 19 24 15 12 23 4 17 16 6 22 8 3 -1 13 2 26 10 -1 7 18 5 20 25 11 -1 14 21 -1 0
10 -1 1 14 5 -1 -1 11 12 -1 6 2 7 -1 -1 9 -1 -1 13 -1 -1 3 -1 -1 -1 4 -1 -1 8 -1 0
3 -1 -1 -1 7 -1 -1 13 8 -1 12 9 6 -1 -1 5 -1 -1 1 -1 -1 2 -1 -1 -1 11 -1 -1 4 -1 0
7 -1 -1 10 -1 -1 -1 1 3 -1 4 13 6 -1 -1 2 -1 -1 9 -1 -1 8 -1 -1 -1 11 -1 -1 12 -1 0
10 -1 12 15 9 -1 5 19 25 17 20 16 4 2 -1 22 14 1 21 -1 6 11 18 7 8 13 -1 24 23 -1 0
10 -1 -1 7 2 -1 1 12 6 -1 5 11 9 -1 -1 8 -1 -1 4 -1 -1 13 -1 -1 -1 14 -1 -1 3 -1 0
5 4 -1 12 9 -1 -1 -1 16 -1 15 13 7 -1 6 18 -1 -1 8 2 -1 14 -1 -1 -1 17 1 -1 10 3 0
12 -1 -1 10 8 -1 -1 4 -1 -1 6 5 3 -1 -1 11 -1 -1 2 -1 -1 7 -1 -1 -1 9 -1 -1 13 -1 0
14 -1 -1 10 3 -1 -1 7 8 1 5 12 9 -1 -1 11 -1 -1 2 -1 -1 6 -1 -1 -1 4 -1 -1 13 -1 0
6 -1 -1 4 1 -1 -1 10 12 -1 -1 5 9 -1 -1 7 -1 -1 13 -1 -1 3 -1 -1 -1 8 -1 -1 2 -1 0
10 -1 -1 3 7 -1 -1 12 11 -1 5 -1 13 -1 -1 9 -1 -1 6 -1 -1 2 -1 -1 -1 4 -1 -1 8 -1 0
1 -1 -1 3 2 -1 -1 9 4 -1 11 12 -1 -1 -1 7 -1 -1 5 -1 -1 10 -1 -1 -1 13 -1 -1 6 -1 0
20 -1 17 3 16 11 23 24 19 7 2 8 14 -1 -1 21 5 25 13 -1 4 6 1 18 12 22 -1 15 9 -1 0
6 -1 -1 8 13 -1 -1 10 5 -1 11 7 4 -1 0 9 -1 -1 2 -1 -1 3 -1 -1 -1 14 -1 -1 12 -1 1
13 -1 -1 12 2 -1 -1 7 3 -1 11 6 9 -1 -1 -1 -1 -1 1 -1 -1 10 -1 -1 -1 4 -1 -1 8 -1 0
13 -1 -1 7 14 -1 -1 12 4 -1 8 9 11 -1 -1 5 0 -1 10 -1 -1 6 -1 -1 -1 3 -1 -1 2 -1 1
16 -1 24 13 2 20 22 9 7 3 10 17 15 1 -1 8 25 -1 5 -1 18 6 4 21 23 12 -1 11 14 -1 0
6 -1 -1 9 13 -1 -1 10 5 -1 4 12 2 -1 -1 1 -1 -1 -1 -1 -1 8 -1 -1 -1 3 -1 -1 7 -1 0
6 -1 -1 14 11 -1 -1 5 10 -1 2 13 3 -1 -1 8 -1 -1 12 0 -1 7 -1 -1 -1 9 -1 -1 4 -1 1
12 -1 -1 7 10 -1 -1 11 14 -1 6 9 4 -1 -1 3 -1 -1 2 -1 1 13 -1 -1 -1 5 -1 -1 8 -1 0
7 5 -1 18 15 -1 -1 9 16 -1 12 10 14 -1 8 3 -1 -1 2 4 -1 -1 -1 -1 -1 13 1 -1 6 17 0
7 -1 -1 12 4 -1 -1 2 9 -1 13 8 3 -1 -1 14 -1 -1 10 -1 -1 5 0 -1 -1 6 -1 -1 11 -1 1
17 -1 23 16 7 15 4 14 25 12 6 19 11 21 -1 13 8 5 24 -1 10 9 18 -1 2 3 -1 22 20 -1 0
22 -1 9 16 18 17 11 20 12 4 6 5 24 13 -1 7 1 3 2 -1 8 23 10 25 -1 15 -1 21 14 -1 0
6 -1 -1 13 9 -1 -1 2 4 -1 5 1 11 -1 -1 8 -1 -1 12 -1 -1 3 -1 -1 -1 -1 -1 -1 7 -1 0
5 -1 -1 9 8 -1 -1 12 13 -1 4 11 2 -1 -1 10 -1 -1 14 -1 -1 3 -1 -1 -1 7 1 -1 6 -1 0
3 -1 -1 13 6 -1 -1 9 10 -1 2 7 8 -1 -1 14 -1 -1 5 -1 -1 12 -1 -1 -1 11 -1 0 4 -1 1
7 -1 11 13 1 8 5 21 2 3 10 18 24 20 -1 14 15 6 12 -1 16 4 9 17 19 25 -1 22 -1 -1 0
3 -1 16 21 9 4 7 18 24 25 22 15 13 2 -1 19 17 26 12 -1 6 5 14 8 11 20 -1 23 10 0 1
