30
3
O B A O A A AB O O A AB O A A A A O O O B B A A O A A A A B O
A O A A AB O A B O O A B A AB B A A A O A A A O A AB O AB B O O
O A O
1 5 8 9 18 22 25 28 29
1 5 7 8 9 11 14 18 22 25 27 28 29
0 1 2 3 5 6 8 9 10 12 15 16 17 18 19 20 21 22 23 25 28 29
1 5 8 9 18 22 25 28 29
0 1 2 3 5 6 8 9 10 12 15 16 17 18 19 20 21 22 23 25 28 29
0 1 2 3 5 6 8 9 10 12 15 16 17 18 19 20 21 22 23 25 28 29
0 1 2 3 4 5 6 7 8 9 10 11 12 13 14 15 16 17 18 19 20 21 22 23 24 25 26 27 28 29
1 5 8 9 18 22 25 28 29
1 5 8 9 18 22 25 28 29
0 1 2 3 5 6 8 9 10 12 15 16 17 18 19 20 21 22 23 25 28 29
0 1 2 3 4 5 6 7 8 9 10 11 12 13 14 15 16 17 18 19 20 21 22 23 24 25 26 27 28 29
1 5 8 9 18 22 25 28 29
0 1 2 3 5 6 8 9 10 12 15 16 17 18 19 20 21 22 23 25 28 29
0 1 2 3 5 6 8 9 10 12 15 16 17 18 19 20 21 22 23 25 28 29
0 1 2 3 5 6 8 9 10 12 15 16 17 18 19 20 21 22 23 25 28 29
0 1 2 3 5 6 8 9 10 12 15 16 17 18 19 20 21 22 23 25 28 29
1 5 8 9 18 22 25 28 29
1 5 8 9 18 22 25 28 29
1 5 8 9 18 22 25 28 29
1 5 7 8 9 11 14 18 22 25 27 28 29
1 5 7 8 9 11 14 18 22 25 27 28 29
0 1 2 3 5 6 8 9 10 12 15 16 17 18 19 20 21 22 23 25 28 29
0 1 2 3 5 6 8 9 10 12 15 16 17 18 19 20 21 22 23 25 28 29
1 5 8 9 18 22 25 28 29
0 1 2 3 5 6 8 9 10 12 15 16 17 18 19 20 21 22 23 25 28 29
0 1 2 3 5 6 8 9 10 12 15 16 17 18 19 20 21 22 23 25 28 29
0 1 2 3 5 6 8 9 10 12 15 16 17 18 19 20 21 22 23 25 28 29
0 1 2 3 5 6 8 9 10 12 15 16 17 18 19 20 21 22 23 25 28 29
1 5 7 8 9 11 14 18 22 25 27 28 29
1 5 8 9 18 22 25 28 29
0 2 -1 -1 -1 6 -1 -1 7 8 -1 -1 -1 -1 -1 -1 -1 -1 10 -1 -1 -1 9 -1 -1 4 -1 -1 5 3 1
-1 -1 -1 -1 -1 8 -1 6 3 5 -1 7 -1 -1 2 -1 -1 -1 12 -1 -1 -1 11 -1 -1 1 -1 9 10 4 0
5 3 -1 2 -1 21 10 -1 16 19 22 -1 20 -1 -1 7 6 14 11 12 17 1 18 9 -1 13 -1 -1 4 8 0
-1 6 -1 0 -1 9 -1 -1 2 8 -1 -1 -1 -1 -1 -1 -1 -1 4 -1 -1 -1 10 -1 -1 7 -1 -1 3 5 1
20 7 4 16 1 21 23 -1 6 14 9 -1 12 -1 -1 2 19 18 5 15 11 10 17 13 -1 8 -1 -1 22 3 0
9 10 13 3 -1 -1 20 -1 2 15 14 -1 4 -1 -1 22 18 6 21 17 12 7 5 1 -1 11 -1 -1 8 16 0
24 28 14 30 10 11 -1 18 16 29 23 2 19 9 13 20 26 6 22 21 3 7 5 8 1 17 4 12 15 25 0
-1 7 -1 -1 -1 4 -1 0 2 10 -1 -1 -1 -1 -1 -1 -1 -1 3 -1 -1 -1 5 -1 -1 8 -1 -1 6 9 1
-1 1 -1 -1 -1 6 -1 -1 -1 8 -1 -1 -1 -1 -1 -1 -1 -1 7 -1 -1 -1 5 -1 -1 2 -1 -1 4 3 0
18 12 1 9 -1 16 21 -1 2 -1 8 -1 5 -1 -1 17 7 15 11 10 13 20 19 4 -1 22 -1 -1 14 3 0
11 19 28 13 25 3 2 22 7 4 -1 26 20 9 18 14 30 6 21 29 15 24 1 27 23 12 10 5 16 17 0
-1 7 -1 -1 -1 5 -1 -1 8 10 -1 1 -1 -1 -1 -1 -1 -1 6 -1 -1 -1 3 -1 -1 2 -1 -1 9 4 0
11 2 18 14 -1 13 4 -1 10 8 16 -1 -1 -1 -1 9 17 3 20 22 1 6 19 12 -1 15 -1 -1 5 7 0
6 7 4 17 -1 10 19 -1 15 14 9 -1 23 0 -1 13 22 5 11 20 8 21 16 2 -1 12 -1 -1 3 18 1
2 21 15 16 -1 4 22 -1 13 10 20 -1 12 -1 1 7 8 11 19 5 14 6 3 9 -1 17 -1 -1 23 18 0
6 20 16 12 -1 21 17 -1 18 5 11 -1 1 -1 -1 -1 22 14 4 8 9 13 15 7 -1 3 -1 -1 2 19 0
-1 3 -1 -1 -1 2 -1 -1 4 6 -1 -1 -1 -1 -1 -1 1 -1 7 -1 -1 -1 8 -1 -1 9 -1 -1 10 5 0
-1 7 -1 -1 -1 5 -1 -1 6 10 -1 -1 -1 -1 -1 -1 -1 1 4 -1 -1 -1 8 -1 -1 9 -1 -1 2 3 0
-1 1 -1 -1 -1 8 -1 -1 6 5 -1 -1 -1 -1 -1 -1 -1 -1 -1 -1 -1 -1 4 -1 -1 3 -1 -1 2 9 0
-1 6 -1 -1 -1 3 -1 9 4 2 -1 7 -1 -1 13 -1 -1 -1 12 0 -1 -1 11 -1 -1 5 -1 14 10 8 1
-1 10 -1 -1 -1 12 -1 2 4 13 -1 11 -1 -1 9 -1 -1 -1 7 -1 0 -1 5 -1 -1 6 -1 14 8 3 1
21 14 22 4 -1 6 12 -1 20 7 18 -1 9 -1 -1 5 3 8 19 13 11 -1 16 15 -1 2 -1 -1 17 1 0
13 2 6 20 -1 18 16 -1 12 17 4 -1 3 -1 -1 8 9 11 14 22 19 7 -1 10 -1 21 -1 -1 5 15 0
-1 4 -1 -1 -1 3 -1 -1 7 2 -1 -1 -1 -1 -1 -1 -1 -1 10 -1 -1 -1 6 1 -1 9 -1 -1 5 8 0
11 5 17 22 -1 9 19 -1 2 23 10 -1 12 -1 -1 20 15 3 21 13 18 8 4 16 1 7 -1 -1 14 6 0
15 22 4 1 -1 12 13 -1 19 6 16 -1 2 -1 -1 20 5 8 3 7 10 11 21 14 -1 -1 -1 -1 17 18 0
14 7 12 9 -1 23 13 -1 4 8 22 -1 11 -1 -1 15 19 17 3 10 20 16 5 2 -1 21 1 -1 18 6 0
22 13 3 4 -1 9 6 -1 18 5 7 -1 16 -1 -1 11 12 8 20 19 10 23 21 2 -1 17 -1 0 14 15 1
-1 6 -1 -1 -1 2 -1 4 13 5 -1 3 -1 -1 11 -1 -1 -1 10 -1 -1 -1 7 -1 -1 8 -1 9 -1 12 0
-1 2 -1 -1 -1 1 -1 -1 4 6 -1 -1 -1 -1 -1 -1 -1 -1 3 -1 -1 -1 7 -1 -1 9 -1 -1 5 -1 0
