30
3
B A O O A A AB B O O O O O O O A O A A O O A A O AB O A A A B
A AB B O AB B O O B A O O O O O O B B O A AB A O O A A A O A O
A O O
2 3 5 6 7 8 10 11 12 13 14 15 16 17 18 22 23 27 29
0 3 6 7 9 10 11 12 13 14 15 18 19 21 22 23 24 25 26 27 28 29
3 6 7 10 11 12 13 14 15 18 22 23 27 29
3 6 7 10 11 12 13 14 15 18 22 23 27 29
0 3 6 7 9 10 11 12 13 14 15 18 19 21 22 23 24 25 26 27 28 29
0 3 6 7 9 10 11 12 13 14 15 18 19 21 22 23 24 25 26 27 28 29
0 1 2 3 4 5 6 7 8 9 10 11 12 13 14 15 16 17 18 19 20 21 22 23 24 25 26 27 28 29
2 3 5 6 7 8 10 11 12 13 14 15 16 17 18 22 23 27 29
3 6 7 10 11 12 13 14 15 18 22 23 27 29
3 6 7 10 11 12 13 14 15 18 22 23 27 29
3 6 7 10 11 12 13 14 15 18 22 23 27 29
3 6 7 10 11 12 13 14 15 18 22 23 27 29
3 6 7 10 11 12 13 14 15 18 22 23 27 29
3 6 7 10 11 12 13 14 15 18 22 23 27 29
3 6 7 10 11 12 13 14 15 18 22 23 27 29
0 3 6 7 9 10 11 12 13 14 15 18 19 21 22 23 24 25 26 27 28 29
3 6 7 10 11 12 13 14 15 18 22 23 27 29
0 3 6 7 9 10 11 12 13 14 15 18 19 21 22 23 24 25 26 27 28 29
0 3 6 7 9 10 11 12 13 14 15 18 19 21 22 23 24 25 26 27 28 29
3 6 7 10 11 12 13 14 15 18 22 23 27 29
3 6 7 10 11 12 13 14 15 18 22 23 27 29
0 3 6 7 9 10 11 12 13 14 15 18 19 21 22 23 24 25 26 27 28 29
0 3 6 7 9 10 11 12 13 14 15 18 19 21 22 23 24 25 26 27 28 29
3 6 7 10 11 12 13 14 15 18 22 23 27 29
0 1 2 3 4 5 6 7 8 9 10 11 12 13 14 15 16 17 18 19 20 21 22 23 24 25 26 27 28 29
3 6 7 10 11 12 13 14 15 18 22 23 27 29
0 3 6 7 9 10 11 12 13 14 15 18 19 21 22 23 24 25 26 27 28 29
0 3 6 7 9 10 11 12 13 14 15 18 19 21 22 23 24 25 26 27 28 29
0 3 6 7 9 10 11 12 13 14 15 18 19 21 22 23 24 25 26 27 28 29
2 3 5 6 7 8 10 11 12 13 14 15 16 17 18 22 23 27 29
1 -1 15 19 -1 14 7 9 12 -1 5 2 10 13 20 8 3 11 16 -1 -1 -1 17 4 -1 -1 -1 6 -1 18 0
15 0 -1 3 -1 -1 5 6 -1 10 9 16 11 7 8 21 -1 -1 4 14 -1 13 12 23 22 20 2 18 19 17 1
-1 -1 1 5 -1 -1 12 9 -1 -1 8 11 6 13 4 3 -1 -1 14 -1 -1 -1 7 10 -1 -1 -1 2 -1 15 0
-1 -1 -1 -1 -1 -1 1 14 -1 -1 8 3 5 2 11 10 -1 -1 13 -1 -1 -1 9 6 -1 -1 -1 12 -1 4 0
19 -1 -1 10 1 -1 21 11 -1 8 5 15 18 6 3 23 -1 -1 20 12 -1 2 4 9 13 16 17 14 7 22 0
23 -1 -1 10 -1 1 21 11 -1 6 22 14 20 17 2 5 -1 -1 19 18 -1 3 8 4 7 12 16 9 13 15 0
9 21 16 1 11 24 -1 18 7 30 13 25 28 3 6 20 8 10 5 4 22 2 26 29 23 19 14 12 27 15 0
-1 -1 12 16 -1 14 11 -1 17 -1 13 1 6 19 15 18 4 3 8 -1 -1 -1 10 5 -1 -1 -1 9 -1 2 0
-1 -1 -1 4 -1 -1 12 15 1 -1 11 3 8 9 5 6 -1 -1 10 -1 -1 -1 7 2 -1 -1 -1 14 -1 13 0
-1 -1 -1 12 -1 -1 15 9 -1 0 3 11 5 2 6 4 -1 -1 14 -1 -1 -1 10 8 -1 -1 -1 13 -1 7 1
-1 -1 -1 2 -1 -1 14 1 -1 -1 -1 3 13 4 11 5 -1 -1 10 -1 -1 -1 6 8 -1 -1 -1 12 -1 7 0
-1 -1 -1 10 -1 -1 1 7 -1 -1 5 -1 9 3 6 12 -1 -1 11 -1 -1 -1 8 13 -1 -1 -1 2 -1 4 0
-1 -1 -1 12 -1 -1 2 3 -1 -1 10 5 -1 11 4 1 -1 -1 9 -1 -1 -1 7 8 -1 -1 -1 6 -1 13 0
-1 -1 -1 6 -1 -1 4 14 -1 -1 1 3 12 -1 5 13 -1 -1 8 -1 -1 -1 9 10 -1 -1 -1 11 -1 7 0
-1 -1 -1 7 -1 -1 8 12 -1 -1 6 9 1 2 -1 11 -1 -1 13 -1 -1 -1 10 14 -1 -1 -1 3 -1 5 0
4 -1 -1 14 -1 -1 19 1 -1 6 18 20 22 9 12 -1 -1 -1 17 13 -1 8 16 10 2 7 21 3 15 5 0
-1 -1 -1 10 -1 -1 6 8 -1 -1 13 7 3 12 4 2 1 -1 11 -1 -1 -1 14 9 -1 -1 -1 15 -1 5 0
5 -1 -1 10 -1 -1 20 6 -1 16 22 9 23 8 14 18 -1 1 2 12 -1 19 4 15 7 17 13 11 3 21 0
4 -1 -1 20 -1 -1 8 14 -1 12 19 11 6 3 7 21 -1 -1 -1 15 -1 1 2 5 22 13 10 16 9 18 0
-1 -1 -1 9 -1 -1 7 12 -1 -1 6 10 14 8 13 4 -1 -1 3 1 -1 -1 15 11 -1 -1 -1 2 -1 5 0
-1 -1 -1 14 -1 -1 3 13 -1 -1 10 15 7 4 5 11 -1 -1 2 -1 1 -1 9 8 -1 -1 -1 12 -1 6 0
11 -1 -1 18 -1 -1 9 3 -1 14 2 16 15 19 5 20 -1 -1 12 1 -1 -1 7 21 22 13 17 8 10 4 0
6 -1 -1 5 -1 -1 22 10 -1 18 19 11 13 14 2 15 -1 -1 16 1 -1 9 -1 21 4 12 3 7 8 17 0
-1 -1 -1 1 -1 -1 7 3 -1 -1 12 13 10 9 6 4 -1 -1 14 -1 -1 -1 5 -1 -1 -1 -1 11 -1 2 0
17 15 4 11 16 19 6 12 21 25 18 10 28 20 24 22 2 26 29 1 23 27 5 8 -1 30 9 13 7 14 0
-1 -1 -1 13 -1 -1 5 2 -1 -1 9 11 14 15 12 8 -1 -1 4 -1 -1 -1 7 3 -1 0 -1 10 -1 6 1
17 -1 -1 5 -1 -1 15 20 -1 13 14 21 2 12 16 19 -1 -1 18 11 -1 6 10 9 3 8 -1 4 22 1 0
11 -1 -1 22 -1 -1 18 20 -1 10 9 2 8 7 13 21 -1 -1 17 12 -1 4 6 3 14 15 16 -1 19 1 0
8 -1 -1 17 -1 -1 4 20 -1 22 16 11 5 13 14 7 -1 -1 12 18 -1 6 3 15 21 9 10 1 -1 2 0
-1 -1 13 11 -1 7 3 9 12 -1 16 17 19 15 14 2 4 10 8 -1 -1 -1 6 18 -1 -1 -1 1 -1 -1 0
