30
3
A A O A B B A A A A O O A AB O O AB A A O O O A O O O B O A O
A A O A B A O A O A O A O A A O A AB O O O AB B O O A O A O A
O A O
0 1 2 3 5 6 7 8 9 10 11 12 13 14 15 16 18 19 20 23 24 25 26 27 28 29
0 1 2 3 5 6 7 8 9 10 11 12 13 14 15 16 18 19 20 23 24 25 26 27 28 29
2 6 8 10 12 15 18 19 20 23 24 26 28
0 1 2 3 5 6 7 8 9 10 11 12 13 14 15 16 18 19 20 23 24 25 26 27 28 29
2 4 6 8 10 12 15 18 19 20 22 23 24 26 28
2 4 6 8 10 12 15 18 19 20 22 23 24 26 28
0 1 2 3 5 6 7 8 9 10 11 12 13 14 15 16 18 19 20 23 24 25 26 27 28 29
0 1 2 3 5 6 7 8 9 10 11 12 13 14 15 16 18 19 20 23 24 25 26 27 28 29
0 1 2 3 5 6 7 8 9 10 11 12 13 14 15 16 18 19 20 23 24 25 26 27 28 29
0 1 2 3 5 6 7 8 9 10 11 12 13 14 15 16 18 19 20 23 24 25 26 27 28 29
2 6 8 10 12 15 18 19 20 23 24 26 28
2 6 8 10 12 15 18 19 20 23 24 26 28
0 1 2 3 5 6 7 8 9 10 11 12 13 14 15 16 18 19 20 23 24 25 26 27 28 29
0 1 2 3 4 5 6 7 8 9 10 11 12 13 14 15 16 17 18 19 20 21 22 23 24 25 26 27 28 29
2 6 8 10 12 15 18 19 20 23 24 26 28
2 6 8 10 12 15 18 19 20 23 24 26 28
0 1 2 3 4 5 6 7 8 9 10 11 12 13 14 15 16 17 18 19 20 21 22 23 24 25 26 27 28 29
0 1 2 3 5 6 7 8 9 10 11 12 13 14 15 16 18 19 20 23 24 25 26 27 28 29
0 1 2 3 5 6 7 8 9 10 11 12 13 14 15 16 18 19 20 23 24 25 26 27 28 29
2 6 8 10 12 15 18 19 20 23 24 26 28
2 6 8 10 12 15 18 19 20 23 24 26 28
2 6 8 10 12 15 18 19 20 23 24 26 28
0 1 2 3 5 6 7 8 9 10 11 12 13 14 15 16 18 19 20 23 24 25 26 27 28 29
2 6 8 10 12 15 18 19 20 23 24 26 28
2 6 8 10 12 15 18 19 20 23 24 26 28
2 6 8 10 12 15 18 19 20 23 24 26 28
2 4 6 8 10 12 15 18 19 20 22 23 24 26 28
2 6 8 10 12 15 18 19 20 23 24 26 28
0 1 2 3 5 6 7 8 9 10 11 12 13 14 15 16 18 19 20 23 24 25 26 27 28 29
2 6 8 10 12 15 18 19 20 23 24 26 28
-1 24 18 9 -1 14 12 17 7 4 22 1 21 5 26 15 13 -1 10 2 11 -1 -1 25 3 6 19 20 8 23 0
7 -1 8 13 -1 18 10 2 4 21 26 22 9 19 20 12 3 -1 25 5 11 -1 -1 1 16 24 15 17 6 14 0
-1 -1 -1 -1 -1 -1 6 -1 8 -1 5 -1 1 -1 -1 7 -1 -1 2 12 11 -1 -1 3 10 -1 13 -1 9 -1 0
15 19 5 -1 -1 4 8 25 13 18 9 3 11 17 22 1 23 -1 6 10 14 -1 -1 2 21 24 16 20 7 12 0
-1 -1 3 -1 -1 -1 1 -1 10 -1 6 -1 13 -1 -1 11 -1 -1 15 5 8 -1 9 12 14 -1 2 -1 4 -1 0
-1 -1 16 -1 4 1 11 -1 2 -1 12 -1 10 -1 -1 3 -1 -1 9 15 14 -1 7 13 8 -1 6 -1 5 -1 0
17 12 4 20 -1 19 -1 22 1 21 6 16 23 14 9 11 7 -1 10 15 25 -1 -1 26 13 24 3 8 2 18 0
13 18 24 9 -1 22 5 -1 1 20 19 17 16 10 3 26 8 -1 12 11 4 -1 -1 25 15 14 21 23 2 7 0
23 3 19 21 -1 2 9 7 -1 12 18 10 5 15 22 1 13 -1 24 14 16 -1 -1 6 4 17 20 8 26 11 0
22 3 2 5 -1 18 19 17 11 -1 15 12 13 16 24 7 1 -1 23 26 9 -1 -1 20 25 6 8 4 21 14 0
-1 -1 2 -1 -1 -1 7 -1 8 -1 -1 -1 3 -1 -1 5 -1 -1 6 12 4 -1 -1 1 13 -1 10 -1 11 -1 0
-1 -1 10 -1 -1 -1 8 -1 9 -1 3 0 11 -1 -1 6 -1 -1 2 5 13 -1 -1 14 4 -1 12 -1 7 -1 1
8 16 25 3 -1 15 11 26 14 1 19 13 -1 2 17 6 18 -1 21 7 10 -1 -1 20 5 22 24 12 9 23 0
28 2 27 13 22 19 18 21 17 12 24 1 9 -1 14 23 25 3 8 4 16 20 30 11 6 5 29 26 15 7 0
-1 -1 14 -1 -1 -1 2 -1 4 -1 12 -1 7 -1 1 8 -1 -1 11 13 3 -1 -1 9 5 -1 10 -1 6 -1 0
-1 -1 6 -1 -1 -1 8 -1 2 -1 11 -1 1 -1 -1 -1 -1 -1 9 5 7 -1 -1 13 3 -1 12 -1 4 -1 0
6 9 25 21 20 5 2 8 15 12 17 26 16 11 18 3 -1 24 4 28 30 1 23 22 13 7 27 19 10 14 0
8 18 3 5 -1 10 15 16 23 24 11 9 26 4 14 22 6 0 17 12 2 -1 -1 21 27 7 25 13 20 19 1
16 7 15 22 -1 17 8 20 25 1 9 11 5 10 21 24 3 -1 -1 6 26 -1 -1 2 18 13 23 12 19 14 0
-1 -1 4 -1 -1 -1 3 -1 13 -1 6 -1 2 -1 -1 7 -1 -1 12 -1 10 -1 -1 9 11 -1 1 -1 8 -1 0
-1 -1 5 -1 -1 -1 1 -1 8 -1 3 -1 4 -1 -1 10 -1 -1 11 9 -1 -1 -1 2 6 -1 12 -1 13 -1 0
-1 -1 7 -1 -1 -1 3 -1 2 -1 9 -1 12 -1 -1 8 -1 -1 11 6 4 1 -1 13 14 -1 10 -1 5 -1 0
2 13 19 5 -1 4 18 22 10 25 27 12 16 26 3 24 23 -1 11 6 14 -1 0 8 9 15 21 7 17 20 1
-1 -1 11 -1 -1 -1 13 -1 3 -1 2 -1 1 -1 -1 12 -1 -1 6 4 9 -1 -1 -1 8 -1 10 -1 5 -1 0
-1 -1 3 -1 -1 -1 4 -1 5 -1 7 -1 6 -1 -1 8 -1 -1 13 9 10 -1 -1 12 -1 -1 1 -1 2 -1 0
-1 -1 14 -1 -1 -1 11 -1 12 -1 2 -1 4 -1 -1 13 -1 -1 8 6 3 -1 -1 5 10 1 7 -1 9 -1 0
-1 -1 3 -1 6 -1 12 -1 5 -1 2 -1 1 -1 -1 15 -1 -1 7 9 13 -1 4 14 8 -1 -1 -1 10 -1 0
-1 -1 13 -1 -1 -1 10 -1 14 -1 7 -1 6 -1 -1 9 -1 -1 12 4 8 -1 -1 11 5 -1 2 0 3 -1 1
2 11 6 13 -1 12 8 3 4 10 20 26 1 9 19 17 14 -1 16 23 15 -1 -1 21 18 5 22 24 -1 25 0
-1 -1 11 -1 -1 -1 14 -1 10 -1 8 -1 7 -1 -1 13 -1 -1 5 4 3 -1 -1 9 6 -1 12 -1 2 1 0
