30
3
O O O O O O B O A O A A B A O O A AB O O O O O B A B O O A O
A B B O A A O O A O O B O O B A A B AB A A A O O A A O O O A
A A O
3 6 7 9 10 12 13 22 23 26 27 28
3 6 7 9 10 12 13 22 23 26 27 28
3 6 7 9 10 12 13 22 23 26 27 28
3 6 7 9 10 12 13 22 23 26 27 28
3 6 7 9 10 12 13 22 23 26 27 28
3 6 7 9 10 12 13 22 23 26 27 28
1 2 3 6 7 9 10 11 12 13 14 17 22 23 26 27 28
3 6 7 9 10 12 13 22 23 26 27 28
0 3 4 5 6 7 8 9 10 12 13 15 16 19 20 21 22 23 24 25 26 27 28 29
3 6 7 9 10 12 13 22 23 26 27 28
0 3 4 5 6 7 8 9 10 12 13 15 16 19 20 21 22 23 24 25 26 27 28 29
0 3 4 5 6 7 8 9 10 12 13 15 16 19 20 21 22 23 24 25 26 27 28 29
1 2 3 6 7 9 10 11 12 13 14 17 22 23 26 27 28
0 3 4 5 6 7 8 9 10 12 13 15 16 19 20 21 22 23 24 25 26 27 28 29
3 6 7 9 10 12 13 22 23 26 27 28
3 6 7 9 10 12 13 22 23 26 27 28
0 3 4 5 6 7 8 9 10 12 13 15 16 19 20 21 22 23 24 25 26 27 28 29
0 1 2 3 4 5 6 7 8 9 10 11 12 13 14 15 16 17 18 19 20 21 22 23 24 25 26 27 28 29
3 6 7 9 10 12 13 22 23 26 27 28
3 6 7 9 10 12 13 22 23 26 27 28
3 6 7 9 10 12 13 22 23 26 27 28
3 6 7 9 10 12 13 22 23 26 27 28
3 6 7 9 10 12 13 22 23 26 27 28
1 2 3 6 7 9 10 11 12 13 14 17 22 23 26 27 28
0 3 4 5 6 7 8 9 10 12 13 15 16 19 20 21 22 23 24 25 26 27 28 29
1 2 3 6 7 9 10 11 12 13 14 17 22 23 26 27 28
3 6 7 9 10 12 13 22 23 26 27 28
3 6 7 9 10 12 13 22 23 26 27 28
0 3 4 5 6 7 8 9 10 12 13 15 16 19 20 21 22 23 24 25 26 27 28 29
3 6 7 9 10 12 13 22 23 26 27 28
-1 -1 -1 9 -1 -1 6 10 -1 1 7 -1 12 11 -1 -1 -1 -1 -1 -1 -1 -1 4 8 -1 -1 2 5 3 -1 0
-1 -1 -1 1 -1 -1 11 4 -1 10 7 -1 2 12 -1 -1 -1 -1 -1 -1 -1 -1 5 3 -1 -1 9 6 8 -1 0
-1 -1 -1 1 -1 -1 3 10 -1 5 8 -1 12 2 -1 -1 -1 -1 -1 -1 -1 -1 11 9 -1 -1 7 4 6 -1 0
-1 -1 -1 0 -1 -1 7 8 -1 11 2 -1 9 12 -1 -1 -1 -1 -1 -1 -1 -1 5 6 -1 -1 10 4 3 -1 1
-1 -1 -1 2 -1 -1 10 3 -1 12 1 -1 7 11 -1 -1 -1 -1 -1 -1 -1 -1 6 9 -1 -1 4 5 8 -1 0
-1 -1 -1 2 -1 -1 8 5 -1 3 12 -1 4 6 -1 -1 -1 -1 -1 -1 -1 -1 1 9 -1 -1 11 10 7 -1 0
-1 7 4 14 -1 -1 0 5 -1 13 17 8 16 6 9 -1 -1 11 -1 -1 -1 -1 10 12 -1 -1 2 3 15 -1 1
-1 -1 -1 3 -1 -1 5 0 -1 8 2 -1 4 7 -1 -1 -1 -1 -1 -1 -1 -1 12 6 -1 -1 9 10 11 -1 1
9 -1 -1 7 14 22 21 24 1 5 11 -1 23 15 -1 17 16 -1 -1 20 19 12 10 13 8 3 18 4 2 6 0
-1 -1 -1 11 -1 -1 4 2 -1 1 3 -1 6 7 -1 -1 -1 -1 -1 -1 -1 -1 8 12 -1 -1 10 9 5 -1 0
9 -1 -1 8 3 10 24 16 5 19 0 -1 14 2 -1 12 15 -1 -1 11 13 18 21 7 23 22 4 6 17 20 1
14 -1 -1 23 18 12 11 19 3 16 1 -1 5 13 -1 17 20 -1 -1 8 6 4 15 24 2 22 7 21 10 9 0
-1 4 8 12 -1 -1 17 9 -1 3 5 2 0 10 14 -1 -1 11 -1 -1 -1 -1 6 16 -1 -1 15 13 7 -1 1
17 -1 -1 7 20 21 15 19 13 4 22 -1 12 0 -1 6 9 -1 -1 18 8 11 10 14 24 16 5 23 2 3 1
-1 -1 -1 8 -1 -1 3 6 -1 1 7 -1 2 12 -1 -1 -1 -1 -1 -1 -1 -1 10 5 -1 -1 11 4 9 -1 0
-1 -1 -1 3 -1 -1 7 4 -1 9 8 -1 10 12 -1 -1 -1 -1 -1 -1 -1 -1 2 1 -1 -1 5 11 6 -1 0
2 -1 -1 24 19 16 7 22 5 13 20 -1 10 14 -1 3 0 -1 -1 17 9 8 23 11 6 4 18 21 12 15 1
22 13 12 20 30 14 11 24 16 29 8 19 4 5 2 27 7 0 25 10 17 21 23 28 9 6 18 15 3 26 1
-1 -1 -1 9 -1 -1 7 10 -1 12 5 -1 4 1 -1 -1 -1 -1 -1 -1 -1 -1 2 3 -1 -1 11 6 8 -1 0
-1 -1 -1 12 -1 -1 4 2 -1 9 6 -1 1 11 -1 -1 -1 -1 -1 -1 -1 -1 8 10 -1 -1 5 3 7 -1 0
-1 -1 -1 9 -1 -1 3 7 -1 10 11 -1 4 6 -1 -1 -1 -1 -1 -1 -1 -1 5 1 -1 -1 12 2 8 -1 0
-1 -1 -1 8 -1 -1 7 9 -1 12 4 -1 11 1 -1 -1 -1 -1 -1 -1 -1 -1 2 5 -1 -1 3 6 10 -1 0
-1 -1 -1 7 -1 -1 5 11 -1 6 8 -1 9 2 -1 -1 -1 -1 -1 -1 -1 -1 0 4 -1 -1 12 3 10 -1 1
-1 5 3 11 -1 -1 12 9 -1 8 15 14 16 6 17 -1 -1 4 -1 -1 -1 -1 2 0 -1 -1 10 13 7 -1 1
6 -1 -1 4 14 15 3 16 7 2 13 -1 17 18 -1 5 9 -1 -1 20 12 23 11 22 1 8 10 24 21 19 0
-1 11 14 12 -1 -1 4 17 -1 2 9 5 15 6 1 -1 -1 7 -1 -1 -1 -1 8 3 -1 -1 10 13 16 -1 0
-1 -1 -1 2 -1 -1 3 6 -1 4 10 -1 7 8 -1 -1 -1 -1 -1 -1 -1 -1 9 11 -1 -1 1 12 5 -1 0
-1 -1 -1 11 -1 -1 3 8 -1 12 9 -1 4 5 -1 -1 -1 -1 -1 -1 -1 -1 7 2 -1 -1 10 1 6 -1 0
10 -1 -1 21 15 13 12 23 20 18 16 -1 3 24 -1 14 5 -1 -1 4 19 22 8 17 11 6 9 7 0 2 1
-1 -1 -1 6 -1 -1 2 11 -1 10 1 -1 8 4 -1 -1 -1 -1 -1 -1 -1 -1 9 12 -1 -1 3 7 5 -1 0
