30
3
O O O A B B O O A O AB B O O A O O A O A O B B O O O O O O O
A O O O O AB A A O A A O O A A O A O O A A B O O O O AB A O B
A AB B
1 2 3 4 8 11 12 15 17 18 22 23 24 25 28
1 2 3 4 8 11 12 15 17 18 22 23 24 25 28
1 2 3 4 8 11 12 15 17 18 22 23 24 25 28
0 1 2 3 4 6 7 8 9 10 11 12 13 14 15 16 17 18 19 20 22 23 24 25 27 28
1 2 3 4 8 11 12 15 17 18 21 22 23 24 25 28 29
1 2 3 4 8 11 12 15 17 18 21 22 23 24 25 28 29
1 2 3 4 8 11 12 15 17 18 22 23 24 25 28
1 2 3 4 8 11 12 15 17 18 22 23 24 25 28
0 1 2 3 4 6 7 8 9 10 11 12 13 14 15 16 17 18 19 20 22 23 24 25 27 28
1 2 3 4 8 11 12 15 17 18 22 23 24 25 28
0 1 2 3 4 5 6 7 8 9 10 11 12 13 14 15 16 17 18 19 20 21 22 23 24 25 26 27 28 29
1 2 3 4 8 11 12 15 17 18 21 22 23 24 25 28 29
1 2 3 4 8 11 12 15 17 18 22 23 24 25 28
1 2 3 4 8 11 12 15 17 18 22 23 24 25 28
0 1 2 3 4 6 7 8 9 10 11 12 13 14 15 16 17 18 19 20 22 23 24 25 27 28
1 2 3 4 8 11 12 15 17 18 22 23 24 25 28
1 2 3 4 8 11 12 15 17 18 22 23 24 25 28
0 1 2 3 4 6 7 8 9 10 11 12 13 14 15 16 17 18 19 20 22 23 24 25 27 28
1 2 3 4 8 11 12 15 17 18 22 23 24 25 28
0 1 2 3 4 6 7 8 9 10 11 12 13 14 15 16 17 18 19 20 22 23 24 25 27 28
1 2 3 4 8 11 12 15 17 18 22 23 24 25 28
1 2 3 4 8 11 12 15 17 18 21 22 23 24 25 28 29
1 2 3 4 8 11 12 15 17 18 21 22 23 24 25 28 29
1 2 3 4 8 11 12 15 17 18 22 23 24 25 28
1 2 3 4 8 11 12 15 17 18 22 23 24 25 28
1 2 3 4 8 11 12 15 17 18 22 23 24 25 28
1 2 3 4 8 11 12 15 17 18 22 23 24 25 28
1 2 3 4 8 11 12 15 17 18 22 23 24 25 28
1 2 3 4 8 11 12 15 17 18 22 23 24 25 28
1 2 3 4 8 11 12 15 17 18 22 23 24 25 28
0 15 11 8 14 -1 -1 -1 6 -1 -1 2 13 -1 -1 7 -1 3 4 -1 -1 -1 9 16 12 10 -1 -1 5 -1 1
-1 3 12 13 8 -1 -1 -1 6 -1 -1 9 10 -1 -1 2 -1 14 4 -1 -1 -1 15 7 11 1 -1 -1 5 -1 0
-1 8 15 7 10 -1 -1 -1 2 -1 -1 1 6 -1 -1 3 -1 13 4 -1 -1 -1 11 9 14 5 -1 -1 12 -1 0
14 26 20 23 12 -1 2 25 7 16 22 1 24 4 19 10 6 3 15 18 9 -1 17 5 8 21 -1 11 13 -1 0
-1 8 4 16 2 -1 -1 -1 1 -1 -1 7 10 -1 -1 12 -1 11 3 -1 -1 6 5 14 13 15 -1 -1 9 17 0
-1 15 6 7 16 0 -1 -1 4 -1 -1 12 18 -1 -1 3 -1 13 10 -1 -1 11 14 8 5 9 -1 -1 17 2 1
-1 10 6 12 13 -1 1 -1 11 -1 -1 4 8 -1 -1 2 -1 14 9 -1 -1 -1 3 7 5 15 -1 -1 16 -1 0
-1 4 12 7 13 -1 -1 1 6 -1 -1 10 2 -1 -1 15 -1 8 3 -1 -1 -1 9 16 14 11 -1 -1 5 -1 0
20 19 18 8 21 -1 24 26 13 2 3 7 14 10 15 16 11 12 4 6 9 -1 1 23 17 22 -1 25 5 -1 0
-1 2 10 9 15 -1 -1 -1 3 0 -1 11 7 -1 -1 14 -1 5 8 -1 -1 -1 6 4 13 16 -1 -1 12 -1 1
29 12 13 8 17 23 11 30 16 6 4 14 3 25 21 20 1 9 19 26 22 7 27 24 5 10 2 18 28 15 0
-1 15 1 5 4 -1 -1 -1 9 -1 -1 11 13 -1 -1 14 -1 12 8 -1 -1 16 10 3 2 17 -1 -1 7 6 0
-1 4 6 9 14 -1 -1 -1 3 -1 -1 7 10 -1 -1 8 -1 11 2 -1 -1 -1 5 15 12 1 -1 -1 13 -1 0
-1 4 14 13 7 -1 -1 -1 16 -1 -1 5 10 1 -1 12 -1 2 8 -1 -1 -1 6 3 15 9 -1 -1 11 -1 0
4 8 6 11 19 -1 17 16 22 1 5 7 2 14 3 12 18 23 26 13 21 -1 9 25 20 10 -1 24 15 -1 0
-1 2 13 14 15 -1 -1 -1 3 -1 -1 6 5 -1 -1 11 -1 4 1 -1 -1 -1 7 8 12 9 -1 -1 10 -1 0
-1 2 15 10 8 -1 -1 -1 14 -1 -1 16 3 -1 -1 4 1 13 7 -1 -1 -1 11 5 9 6 -1 -1 12 -1 0
14 19 20 7 3 -1 17 8 2 9 18 15 6 12 21 5 25 11 24 1 23 -1 22 13 26 10 -1 4 16 -1 0
-1 5 6 4 8 -1 -1 -1 13 -1 -1 3 9 -1 -1 10 -1 15 7 -1 -1 -1 1 14 12 11 -1 -1 2 -1 0
15 2 19 18 14 -1 12 5 8 4 1 23 16 22 25 6 13 21 7 17 11 -1 9 10 20 3 -1 24 26 -1 0
-1 5 8 13 3 -1 -1 -1 12 -1 -1 10 6 -1 -1 4 -1 2 7 -1 1 -1 9 14 15 16 -1 -1 11 -1 0
-1 16 14 8 17 -1 -1 -1 10 -1 -1 9 7 -1 -1 11 -1 13 4 -1 -1 12 6 15 2 3 -1 -1 1 5 0
-1 13 4 2 11 -1 -1 -1 9 -1 -1 17 1 -1 -1 5 -1 14 7 -1 -1 12 16 6 8 15 -1 -1 10 3 0
-1 5 2 12 4 -1 -1 -1 1 -1 -1 15 3 -1 -1 7 -1 10 6 -1 -1 -1 9 8 14 11 -1 -1 13 -1 0
-1 3 13 14 12 -1 -1 -1 7 -1 -1 5 6 -1 -1 15 -1 10 1 -1 -1 -1 4 2 8 9 -1 -1 11 -1 0
-1 13 8 12 7 -1 -1 -1 14 -1 -1 4 9 -1 -1 1 -1 6 15 -1 -1 -1 3 2 5 11 -1 -1 10 -1 0
-1 11 4 6 16 -1 -1 -1 10 -1 -1 15 8 -1 -1 3 -1 7 2 -1 -1 -1 12 14 9 5 1 -1 13 -1 0
-1 14 11 6 4 -1 -1 -1 5 -1 -1 2 13 -1 -1 3 -1 9 15 -1 -1 -1 10 7 12 16 -1 1 8 -1 0
-1 15 14 11 2 -1 -1 -1 10 -1 -1 6 5 -1 -1 3 -1 8 9 -1 -1 -1 1 12 7 4 -1 -1 13 -1 0
-1 11 12 13 16 -1 -1 -1 4 -1 -1 3 2 -1 -1 10 -1 7 5 -1 -1 -1 9 15 8 14 -1 -1 6 0 1
