30
3
O A A O O O O O B A B A A A O A O AB A O O B O A A B O A O A
O A A A A A O O O A O A O O A O O O A O O AB B A O A O B A B
AB A A
0 6 7 8 10 12 13 15 16 17 19 20 24 26
0 1 2 3 4 5 6 7 8 9 10 11 12 13 14 15 16 17 18 19 20 23 24 25 26 28
0 1 2 3 4 5 6 7 8 9 10 11 12 13 14 15 16 17 18 19 20 23 24 25 26 28
0 6 7 8 10 12 13 15 16 17 19 20 24 26
0 6 7 8 10 12 13 15 16 17 19 20 24 26
0 6 7 8 10 12 13 15 16 17 19 20 24 26
0 6 7 8 10 12 13 15 16 17 19 20 24 26
0 6 7 8 10 12 13 15 16 17 19 20 24 26
0 6 7 8 10 12 13 15 16 17 19 20 22 24 26 27 29
0 1 2 3 4 5 6 7 8 9 10 11 12 13 14 15 16 17 18 19 20 23 24 25 26 28
0 6 7 8 10 12 13 15 16 17 19 20 22 24 26 27 29
0 1 2 3 4 5 6 7 8 9 10 11 12 13 14 15 16 17 18 19 20 23 24 25 26 28
0 1 2 3 4 5 6 7 8 9 10 11 12 13 14 15 16 17 18 19 20 23 24 25 26 28
0 1 2 3 4 5 6 7 8 9 10 11 12 13 14 15 16 17 18 19 20 23 24 25 26 28
0 6 7 8 10 12 13 15 16 17 19 20 24 26
0 1 2 3 4 5 6 7 8 9 10 11 12 13 14 15 16 17 18 19 20 23 24 25 26 28
0 6 7 8 10 12 13 15 16 17 19 20 24 26
0 1 2 3 4 5 6 7 8 9 10 11 12 13 14 15 16 17 18 19 20 21 22 23 24 25 26 27 28 29
0 1 2 3 4 5 6 7 8 9 10 11 12 13 14 15 16 17 18 19 20 23 24 25 26 28
0 6 7 8 10 12 13 15 16 17 19 20 24 26
0 6 7 8 10 12 13 15 16 17 19 20 24 26
0 6 7 8 10 12 13 15 16 17 19 20 22 24 26 27 29
0 6 7 8 10 12 13 15 16 17 19 20 24 26
0 1 2 3 4 5 6 7 8 9 10 11 12 13 14 15 16 17 18 19 20 23 24 25 26 28
0 1 2 3 4 5 6 7 8 9 10 11 12 13 14 15 16 17 18 19 20 23 24 25 26 28
0 6 7 8 10 12 13 15 16 17 19 20 22 24 26 27 29
0 6 7 8 10 12 13 15 16 17 19 20 24 26
0 1 2 3 4 5 6 7 8 9 10 11 12 13 14 15 16 17 18 19 20 23 24 25 26 28
0 6 7 8 10 12 13 15 16 17 19 20 24 26
0 1 2 3 4 5 6 7 8 9 10 11 12 13 14 15 16 17 18 19 20 23 24 25 26 28
1 -1 -1 -1 -1 -1 8 10 14 -1 6 -1 13 11 -1 7 12 3 -1 4 2 -1 -1 -1 9 -1 5 -1 -1 -1 0
2 0 15 6 12 21 16 3 17 26 22 8 10 20 4 23 14 5 7 13 11 -1 -1 25 24 19 18 -1 9 -1 1
23 24 1 20 25 19 4 22 10 2 11 16 17 5 21 15 12 8 18 6 13 -1 -1 9 26 7 14 -1 3 -1 0
3 -1 -1 -1 -1 -1 4 12 1 -1 11 -1 10 8 -1 2 5 6 -1 13 14 -1 -1 -1 7 -1 9 -1 -1 -1 0
12 -1 -1 -1 -1 -1 6 1 14 -1 4 -1 13 5 -1 2 10 11 -1 9 7 -1 -1 -1 8 -1 3 -1 -1 -1 0
14 -1 -1 -1 -1 -1 12 6 4 -1 9 -1 1 5 -1 10 7 2 -1 8 13 -1 -1 -1 3 -1 11 -1 -1 -1 0
3 -1 -1 -1 -1 -1 1 4 5 -1 10 -1 2 13 -1 12 6 14 -1 7 8 -1 -1 -1 9 -1 11 -1 -1 -1 0
10 -1 -1 -1 -1 -1 4 0 9 -1 8 -1 11 3 -1 6 7 13 -1 2 14 -1 -1 -1 12 -1 5 -1 -1 -1 1
16 -1 -1 -1 -1 -1 5 2 1 -1 10 -1 11 6 -1 4 3 9 -1 13 14 -1 15 -1 7 -1 17 12 -1 8 0
9 26 22 3 21 18 16 25 10 1 6 12 8 4 20 23 2 17 14 7 19 -1 -1 5 13 15 11 -1 24 -1 0
10 -1 -1 -1 -1 -1 5 2 17 -1 0 -1 11 15 -1 14 8 13 -1 12 4 -1 3 -1 16 -1 9 6 -1 7 1
8 17 11 6 26 19 21 10 12 18 16 1 7 14 15 24 3 4 20 2 22 -1 -1 23 5 25 9 -1 13 -1 0
26 24 19 8 13 14 3 5 2 10 15 16 0 6 4 9 22 17 12 18 23 -1 -1 11 7 20 21 -1 25 -1 1
22 8 4 11 12 7 20 9 14 16 25 6 26 0 13 2 3 24 15 18 10 -1 -1 23 19 21 17 -1 5 -1 1
1 -1 -1 -1 -1 -1 8 10 12 -1 7 -1 14 13 -1 4 3 9 -1 11 5 -1 -1 -1 6 -1 2 -1 -1 -1 0
6 26 18 11 22 5 10 7 13 24 25 12 21 20 19 1 9 14 17 4 8 -1 -1 3 15 23 2 -1 16 -1 0
6 -1 -1 -1 -1 -1 13 10 4 -1 3 -1 11 5 -1 2 0 8 -1 9 7 -1 -1 -1 14 -1 12 -1 -1 -1 1
3 14 28 27 15 16 13 22 29 23 26 20 8 4 7 17 30 0 24 10 18 12 9 19 11 5 6 25 2 21 1
20 14 21 8 25 4 6 5 23 12 3 11 2 26 13 15 9 24 0 19 7 -1 -1 10 17 22 16 -1 18 -1 1
11 -1 -1 -1 -1 -1 10 7 12 -1 6 -1 4 14 -1 8 2 9 -1 0 5 -1 -1 -1 3 -1 13 -1 -1 -1 1
9 -1 -1 -1 -1 -1 8 11 6 -1 13 -1 4 14 -1 3 5 10 -1 12 1 -1 -1 -1 2 -1 7 -1 -1 -1 0
12 -1 -1 -1 -1 -1 5 14 15 -1 7 -1 11 16 -1 9 6 3 -1 2 10 -1 1 -1 13 -1 8 4 -1 17 0
12 -1 -1 -1 -1 -1 11 4 5 -1 3 -1 8 14 -1 2 13 1 -1 10 9 -1 -1 -1 6 -1 7 -1 -1 -1 0
26 10 12 3 16 22 25 19 7 17 2 14 23 5 21 15 11 13 9 18 20 -1 -1 1 6 4 24 -1 8 -1 0
26 24 5 11 7 14 15 3 20 6 13 12 21 16 9 10 4 18 19 17 23 -1 -1 25 0 8 22 -1 2 -1 1
16 -1 -1 -1 -1 -1 7 3 17 -1 15 -1 14 12 -1 5 2 4 -1 6 1 -1 9 -1 10 -1 13 11 -1 8 0
11 -1 -1 -1 -1 -1 12 5 3 -1 6 -1 7 13 -1 14 9 2 -1 8 10 -1 -1 -1 4 -1 0 -1 -1 -1 1
26 9 24 12 8 20 4 22 3 14 6 7 11 25 18 15 16 17 19 23 5 -1 -1 1 21 10 13 -1 2 -1 0
7 -1 -1 -1 -1 -1 4 3 10 -1 1 -1 12 11 -1 5 14 13 -1 6 8 -1 -1 -1 2 -1 9 -1 -1 -1 0
19 5 11 25 17 15 24 26 8 4 1 21 10 12 16 20 22 3 6 9 13 -1 -1 23 7 18 14 -1 2 -1 0
