30
3
A O A A A O O O A B A O A O O O A O A A O AB O A A O B B O AB
O O A B A O O B A O A A O O O B A O O O A A A O O A O A O O
A O O
0 1 2 4 5 6 8 9 10 11 12 13 14 16 17 18 19 20 21 22 23 24 25 26 27 28 29
0 1 5 6 9 12 13 14 17 18 19 23 24 26 28 29
0 1 2 4 5 6 8 9 10 11 12 13 14 16 17 18 19 20 21 22 23 24 25 26 27 28 29
0 1 2 4 5 6 8 9 10 11 12 13 14 16 17 18 19 20 21 22 23 24 25 26 27 28 29
0 1 2 4 5 6 8 9 10 11 12 13 14 16 17 18 19 20 21 22 23 24 25 26 27 28 29
0 1 5 6 9 12 13 14 17 18 19 23 24 26 28 29
0 1 5 6 9 12 13 14 17 18 19 23 24 26 28 29
0 1 5 6 9 12 13 14 17 18 19 23 24 26 28 29
0 1 2 4 5 6 8 9 10 11 12 13 14 16 17 18 19 20 21 22 23 24 25 26 27 28 29
0 1 3 5 6 7 9 12 13 14 15 17 18 19 23 24 26 28 29
0 1 2 4 5 6 8 9 10 11 12 13 14 16 17 18 19 20 21 22 23 24 25 26 27 28 29
0 1 5 6 9 12 13 14 17 18 19 23 24 26 28 29
0 1 2 4 5 6 8 9 10 11 12 13 14 16 17 18 19 20 21 22 23 24 25 26 27 28 29
0 1 5 6 9 12 13 14 17 18 19 23 24 26 28 29
0 1 5 6 9 12 13 14 17 18 19 23 24 26 28 29
0 1 5 6 9 12 13 14 17 18 19 23 24 26 28 29
0 1 2 4 5 6 8 9 10 11 12 13 14 16 17 18 19 20 21 22 23 24 25 26 27 28 29
0 1 5 6 9 12 13 14 17 18 19 23 24 26 28 29
0 1 2 4 5 6 8 9 10 11 12 13 14 16 17 18 19 20 21 22 23 24 25 26 27 28 29
0 1 2 4 5 6 8 9 10 11 12 13 14 16 17 18 19 20 21 22 23 24 25 26 27 28 29
0 1 5 6 9 12 13 14 17 18 19 23 24 26 28 29
0 1 2 3 4 5 6 7 8 9 10 11 12 13 14 15 16 17 18 19 20 21 22 23 24 25 26 27 28 29
0 1 5 6 9 12 13 14 17 18 19 23 24 26 28 29
0 1 2 4 5 6 8 9 10 11 12 13 14 16 17 18 19 20 21 22 23 24 25 26 27 28 29
0 1 2 4 5 6 8 9 10 11 12 13 14 16 17 18 19 20 21 22 23 24 25 26 27 28 29
0 1 5 6 9 12 13 14 17 18 19 23 24 26 28 29
0 1 3 5 6 7 9 12 13 14 15 17 18 19 23 24 26 28 29
0 1 3 5 6 7 9 12 13 14 15 17 18 19 23 24 26 28 29
0 1 5 6 9 12 13 14 17 18 19 23 24 26 28 29
0 1 2 3 4 5 6 7 8 9 10 11 12 13 14 15 16 17 18 19 20 21 22 23 24 25 26 27 28 29
24 22 27 -1 20 6 12 -1 18 10 13 4 25 8 7 -1 26 5 14 2 17 11 1 15 19 3 21 16 23 9 0
3 8 -1 -1 -1 9 11 -1 -1 10 -1 -1 16 13 2 -1 -1 4 7 14 -1 -1 -1 1 6 -1 5 -1 15 12 0
1 6 20 -1 25 16 2 -1 21 18 4 13 5 27 14 -1 3 12 17 8 9 10 24 11 15 26 19 7 22 23 0
23 2 26 0 9 15 8 -1 24 14 12 20 3 11 21 -1 5 27 7 10 19 6 28 17 4 22 18 13 16 25 1
17 4 18 -1 15 2 1 -1 13 27 11 25 12 22 8 -1 20 10 14 5 7 16 24 21 26 23 9 3 19 6 0
13 10 -1 -1 -1 12 1 -1 -1 11 -1 -1 5 9 6 -1 -1 16 3 4 -1 -1 -1 7 8 -1 2 -1 15 14 0
5 10 -1 -1 -1 7 6 -1 -1 16 -1 -1 2 3 4 -1 -1 9 11 8 -1 -1 -1 13 15 -1 12 -1 1 14 0
14 8 -1 -1 -1 6 2 0 -1 17 -1 -1 3 10 15 -1 -1 5 4 9 -1 -1 -1 11 12 -1 7 -1 16 13 1
19 13 26 -1 23 14 2 -1 25 16 8 4 7 27 11 -1 18 22 10 6 12 3 1 20 24 15 9 21 17 5 0
16 14 -1 3 -1 13 12 2 -1 19 -1 -1 7 17 8 15 -1 11 18 4 -1 -1 -1 10 1 -1 5 -1 6 9 0
16 13 10 -1 6 18 21 -1 1 24 4 9 5 26 25 -1 12 15 27 14 8 20 17 2 23 22 3 19 11 7 0
14 12 -1 -1 -1 5 17 -1 -1 15 -1 0 9 10 11 -1 -1 2 4 3 -1 -1 -1 8 6 -1 16 -1 7 13 1
16 26 20 -1 27 1 5 -1 11 2 17 4 14 3 6 -1 13 8 12 24 7 22 18 21 10 9 23 15 25 19 0
10 5 -1 -1 -1 9 7 -1 -1 3 -1 -1 8 6 15 -1 -1 11 13 12 -1 -1 -1 14 4 -1 2 -1 16 1 0
6 13 -1 -1 -1 10 9 -1 -1 12 -1 -1 4 16 7 -1 -1 5 3 8 -1 -1 -1 15 2 -1 1 -1 14 11 0
3 8 -1 -1 -1 14 10 -1 -1 7 -1 -1 5 17 16 1 -1 6 12 13 -1 -1 -1 9 4 -1 2 -1 11 15 0
21 6 11 -1 17 18 3 -1 7 25 4 22 8 14 5 -1 9 24 16 20 2 12 1 10 13 23 26 27 19 15 0
16 1 -1 -1 -1 14 15 -1 -1 11 -1 -1 3 13 10 -1 -1 6 9 7 -1 -1 -1 4 12 -1 8 -1 5 2 0
8 17 26 -1 2 3 11 -1 12 18 6 16 23 22 4 -1 14 9 5 27 24 7 15 1 21 20 19 10 25 13 0
22 25 19 -1 7 15 1 -1 5 2 24 23 18 14 16 -1 9 21 12 4 11 10 17 3 13 20 26 8 27 6 0
4 7 -1 -1 -1 9 17 -1 -1 2 -1 -1 15 3 14 -1 -1 6 5 12 1 -1 -1 10 8 -1 13 -1 11 16 0
30 18 13 26 5 29 11 16 3 25 20 4 14 9 8 23 2 15 12 1 6 7 27 22 17 19 21 10 24 28 0
7 8 -1 -1 -1 15 11 -1 -1 13 -1 -1 14 17 2 -1 -1 4 6 5 -1 -1 0 12 3 -1 10 -1 16 9 1
26 18 1 -1 13 3 16 -1 8 20 24 27 5 7 9 -1 21 23 2 6 14 19 17 25 15 11 4 10 12 22 0
26 2 19 -1 5 24 8 -1 4 27 13 6 20 9 22 -1 3 15 11 10 16 1 17 14 12 21 25 7 23 18 0
4 2 -1 -1 -1 8 13 -1 -1 9 -1 -1 16 10 3 -1 -1 6 11 15 -1 -1 -1 14 12 1 17 -1 5 7 0
1 8 -1 17 -1 14 5 7 -1 10 -1 -1 15 2 19 4 -1 11 16 6 -1 -1 -1 12 9 -1 18 -1 13 3 0
5 8 -1 20 -1 14 15 2 -1 10 -1 -1 13 19 12 4 -1 3 11 18 -1 -1 -1 17 16 -1 6 0 7 9 1
4 14 -1 -1 -1 3 15 -1 -1 11 -1 -1 12 1 8 -1 -1 16 10 6 -1 -1 -1 7 13 -1 9 -1 5 2 0
26 24 23 18 29 19 28 6 3 30 7 16 15 12 14 4 20 1 25 10 17 22 13 8 27 5 2 21 9 11 0
