30
3
O AB O A A A O O A A A O A B O A B O O O O B O A O O B O O A
O A O AB O O O O A B O A A A A O O A O A A A A O A A A A O O
O O A
0 2 4 5 6 7 10 15 16 18 23 28 29
0 1 2 3 4 5 6 7 8 9 10 11 12 13 14 15 16 17 18 19 20 21 22 23 24 25 26 27 28 29
0 2 4 5 6 7 10 15 16 18 23 28 29
0 1 2 4 5 6 7 8 10 11 12 13 14 15 16 17 18 19 20 21 22 23 24 25 26 27 28 29
0 1 2 4 5 6 7 8 10 11 12 13 14 15 16 17 18 19 20 21 22 23 24 25 26 27 28 29
0 1 2 4 5 6 7 8 10 11 12 13 14 15 16 17 18 19 20 21 22 23 24 25 26 27 28 29
0 2 4 5 6 7 10 15 16 18 23 28 29
0 2 4 5 6 7 10 15 16 18 23 28 29
0 1 2 4 5 6 7 8 10 11 12 13 14 15 16 17 18 19 20 21 22 23 24 25 26 27 28 29
0 1 2 4 5 6 7 8 10 11 12 13 14 15 16 17 18 19 20 21 22 23 24 25 26 27 28 29
0 1 2 4 5 6 7 8 10 11 12 13 14 15 16 17 18 19 20 21 22 23 24 25 26 27 28 29
0 2 4 5 6 7 10 15 16 18 23 28 29
0 1 2 4 5 6 7 8 10 11 12 13 14 15 16 17 18 19 20 21 22 23 24 25 26 27 28 29
0 2 4 5 6 7 9 10 15 16 18 23 28 29
0 2 4 5 6 7 10 15 16 18 23 28 29
0 1 2 4 5 6 7 8 10 11 12 13 14 15 16 17 18 19 20 21 22 23 24 25 26 27 28 29
0 2 4 5 6 7 9 10 15 16 18 23 28 29
0 2 4 5 6 7 10 15 16 18 23 28 29
0 2 4 5 6 7 10 15 16 18 23 28 29
0 2 4 5 6 7 10 15 16 18 23 28 29
0 2 4 5 6 7 10 15 16 18 23 28 29
0 2 4 5 6 7 9 10 15 16 18 23 28 29
0 2 4 5 6 7 10 15 16 18 23 28 29
0 1 2 4 5 6 7 8 10 11 12 13 14 15 16 17 18 19 20 21 22 23 24 25 26 27 28 29
0 2 4 5 6 7 10 15 16 18 23 28 29
0 2 4 5 6 7 10 15 16 18 23 28 29
0 2 4 5 6 7 9 10 15 16 18 23 28 29
0 2 4 5 6 7 10 15 16 18 23 28 29
0 2 4 5 6 7 10 15 16 18 23 28 29
0 1 2 4 5 6 7 8 10 11 12 13 14 15 16 17 18 19 20 21 22 23 24 25 26 27 28 29
12 -1 3 -1 7 11 5 6 -1 -1 9 -1 -1 -1 -1 4 10 -1 1 -1 -1 -1 -1 13 -1 -1 -1 -1 8 2 0
12 17 9 21 19 24 15 26 25 1 30 8 14 29 13 22 2 3 7 6 27 11 5 28 4 10 16 18 20 23 0
10 -1 11 -1 12 3 1 6 -1 -1 13 -1 -1 -1 -1 5 4 -1 9 -1 -1 -1 -1 7 -1 -1 -1 -1 2 8 0
24 16 22 0 29 17 2 15 18 -1 14 26 13 11 4 27 10 3 12 7 19 9 5 28 6 21 8 20 25 23 1
17 5 18 -1 14 24 1 22 15 -1 4 23 28 27 13 25 16 7 6 21 3 20 12 11 19 2 8 9 10 26 0
5 23 28 -1 12 10 17 24 1 -1 8 7 26 6 21 2 27 22 15 16 13 25 18 20 14 19 4 3 11 9 0
2 -1 3 -1 1 13 5 7 -1 -1 4 -1 -1 -1 -1 10 11 -1 6 -1 -1 -1 -1 12 -1 -1 -1 -1 8 9 0
5 -1 11 -1 7 9 10 2 -1 -1 12 -1 -1 -1 -1 4 8 -1 6 -1 -1 -1 -1 3 -1 -1 -1 -1 13 1 0
20 16 7 -1 2 12 11 8 3 -1 24 17 14 25 27 9 26 5 18 13 15 28 23 1 4 19 10 21 22 6 0
10 3 4 -1 24 15 11 16 2 0 6 20 9 26 14 27 17 19 7 5 22 21 13 8 23 28 18 25 29 12 1
26 28 9 -1 14 22 8 11 19 -1 6 27 23 17 5 1 20 16 10 25 13 12 3 2 24 21 18 15 4 7 0
14 -1 11 -1 12 9 3 13 -1 -1 10 1 -1 -1 -1 8 4 -1 7 -1 -1 -1 -1 2 -1 -1 -1 -1 6 5 0
26 15 19 -1 20 25 28 9 11 -1 7 27 13 3 18 6 2 16 24 1 8 12 14 4 21 17 22 5 10 23 0
3 -1 7 -1 2 14 11 13 -1 8 6 -1 -1 0 -1 9 4 -1 10 -1 -1 -1 -1 5 -1 -1 -1 -1 15 12 1
7 -1 14 -1 10 5 9 6 -1 -1 11 -1 -1 -1 1 12 3 -1 8 -1 -1 -1 -1 13 -1 -1 -1 -1 4 2 0
20 4 7 -1 27 18 6 10 9 -1 22 2 28 14 8 1 12 5 13 25 15 26 19 16 21 3 23 24 11 17 0
6 -1 7 -1 11 3 14 13 -1 2 5 -1 -1 -1 -1 8 4 -1 1 -1 -1 -1 -1 9 -1 -1 -1 -1 10 12 0
7 -1 5 -1 11 14 9 6 -1 -1 3 -1 -1 -1 -1 8 12 0 2 -1 -1 -1 -1 10 -1 -1 -1 -1 4 13 1
8 -1 6 -1 3 12 9 7 -1 -1 4 -1 -1 -1 -1 1 5 -1 10 -1 -1 -1 -1 13 -1 -1 -1 -1 2 11 0
2 -1 9 -1 8 3 11 6 -1 -1 12 -1 -1 -1 -1 13 4 -1 7 0 -1 -1 -1 14 -1 -1 -1 -1 10 5 1
4 -1 10 -1 13 7 5 11 -1 -1 12 -1 -1 -1 -1 14 2 -1 8 -1 1 -1 -1 9 -1 -1 -1 -1 3 6 0
9 -1 8 -1 3 7 15 4 -1 2 6 -1 -1 -1 -1 12 13 -1 5 -1 -1 1 -1 14 -1 -1 -1 -1 10 11 0
10 -1 8 -1 11 12 7 5 -1 -1 2 -1 -1 -1 -1 9 14 -1 4 -1 -1 -1 1 13 -1 -1 -1 -1 6 3 0
6 27 21 -1 12 7 23 4 25 -1 9 20 14 3 19 10 5 17 15 18 8 11 1 16 28 24 2 13 22 26 0
14 -1 3 -1 2 7 5 6 -1 -1 8 -1 -1 -1 -1 11 9 -1 12 -1 -1 -1 -1 13 0 -1 -1 -1 10 4 1
8 -1 9 -1 4 6 5 13 -1 -1 3 -1 -1 -1 -1 14 12 -1 2 -1 -1 -1 -1 11 -1 1 -1 -1 10 7 0
15 -1 5 -1 10 12 4 11 -1 6 3 -1 -1 -1 -1 8 2 -1 13 -1 -1 -1 -1 7 -1 -1 0 -1 14 9 1
13 -1 12 -1 8 6 11 2 -1 -1 4 -1 -1 -1 -1 9 14 -1 10 -1 -1 -1 -1 5 -1 -1 -1 0 3 7 1
11 -1 7 -1 5 4 3 2 -1 -1 12 -1 -1 -1 -1 9 8 -1 6 -1 -1 -1 -1 10 -1 -1 -1 -1 13 1 0
7 23 17 -1 20 10 14 28 15 -1 22 21 4 25 3 13 2 27 11 18 9 24 6 1 5 16 19 8 12 26 0
