30
3
B O A B O O O A O A AB O A A O B A O A O O A AB O A O O O A A
A O B O A B A A A A B B B B A O A B A A O A O O B B A O O A
O O O
1 2 3 5 10 11 12 13 15 17 20 22 23 24 25 27 28
1 3 15 20 22 23 27 28
0 1 3 4 6 7 8 9 14 15 16 18 19 20 21 22 23 26 27 28 29
1 2 3 5 10 11 12 13 15 17 20 22 23 24 25 27 28
1 3 15 20 22 23 27 28
1 3 15 20 22 23 27 28
1 3 15 20 22 23 27 28
0 1 3 4 6 7 8 9 14 15 16 18 19 20 21 22 23 26 27 28 29
1 3 15 20 22 23 27 28
0 1 3 4 6 7 8 9 14 15 16 18 19 20 21 22 23 26 27 28 29
0 1 2 3 4 5 6 7 8 9 10 11 12 13 14 15 16 17 18 19 20 21 22 23 24 25 26 27 28 29
1 3 15 20 22 23 27 28
0 1 3 4 6 7 8 9 14 15 16 18 19 20 21 22 23 26 27 28 29
0 1 3 4 6 7 8 9 14 15 16 18 19 20 21 22 23 26 27 28 29
1 3 15 20 22 23 27 28
1 2 3 5 10 11 12 13 15 17 20 22 23 24 25 27 28
0 1 3 4 6 7 8 9 14 15 16 18 19 20 21 22 23 26 27 28 29
1 3 15 20 22 23 27 28
0 1 3 4 6 7 8 9 14 15 16 18 19 20 21 22 23 26 27 28 29
1 3 15 20 22 23 27 28
1 3 15 20 22 23 27 28
0 1 3 4 6 7 8 9 14 15 16 18 19 20 21 22 23 26 27 28 29
0 1 2 3 4 5 6 7 8 9 10 11 12 13 14 15 16 17 18 19 20 21 22 23 24 25 26 27 28 29
1 3 15 20 22 23 27 28
0 1 3 4 6 7 8 9 14 15 16 18 19 20 21 22 23 26 27 28 29
1 3 15 20 22 23 27 28
1 3 15 20 22 23 27 28
1 3 15 20 22 23 27 28
0 1 3 4 6 7 8 9 14 15 16 18 19 20 21 22 23 26 27 28 29
0 1 3 4 6 7 8 9 14 15 16 18 19 20 21 22 23 26 27 28 29
1 12 10 7 -1 2 -1 -1 -1 -1 18 14 6 9 -1 4 -1 17 -1 -1 5 -1 8 13 16 11 -1 15 3 -1 0
-1 7 -1 6 -1 -1 -1 -1 -1 -1 -1 -1 -1 -1 -1 1 -1 -1 -1 -1 2 -1 8 3 -1 -1 -1 4 5 -1 0
8 3 1 17 18 -1 5 13 4 22 -1 -1 -1 -1 2 19 20 -1 10 14 7 12 9 11 -1 -1 21 15 6 16 0
-1 14 11 1 -1 3 -1 -1 -1 -1 15 12 16 5 -1 4 -1 2 -1 -1 9 -1 8 10 7 17 -1 6 13 -1 0
-1 7 -1 9 0 -1 -1 -1 -1 -1 -1 -1 -1 -1 -1 8 -1 -1 -1 -1 3 -1 5 4 -1 -1 -1 6 2 -1 1
-1 6 -1 3 -1 1 -1 -1 -1 -1 -1 -1 -1 -1 -1 4 -1 -1 -1 -1 2 -1 8 5 -1 -1 -1 7 9 -1 0
-1 6 -1 9 -1 -1 1 -1 -1 -1 -1 -1 -1 -1 -1 4 -1 -1 -1 -1 7 -1 2 3 -1 -1 -1 8 5 -1 0
10 5 -1 8 7 -1 14 13 12 3 -1 -1 -1 -1 20 11 2 -1 18 17 6 9 15 16 -1 -1 21 19 1 4 0
-1 8 -1 3 -1 -1 -1 -1 1 -1 -1 -1 -1 -1 -1 5 -1 -1 -1 -1 2 -1 9 7 -1 -1 -1 4 6 -1 0
15 14 -1 10 20 -1 6 17 2 3 -1 -1 -1 -1 12 13 16 -1 7 19 21 1 11 4 -1 -1 8 18 9 5 0
3 10 13 23 26 12 30 20 2 19 29 11 16 22 25 27 5 9 17 28 1 8 24 7 15 6 21 4 14 18 0
-1 7 -1 6 -1 -1 -1 -1 -1 -1 -1 0 -1 -1 -1 3 -1 -1 -1 -1 5 -1 8 9 -1 -1 -1 2 4 -1 1
2 4 -1 3 14 -1 8 5 19 9 -1 -1 0 -1 6 21 12 -1 7 18 15 16 11 20 -1 -1 13 22 17 10 1
4 14 -1 20 5 -1 10 13 6 18 -1 -1 -1 0 2 9 8 -1 21 17 12 7 16 3 -1 -1 15 11 22 19 1
-1 5 -1 7 -1 -1 -1 -1 -1 -1 -1 -1 -1 -1 0 6 -1 -1 -1 -1 9 -1 8 4 -1 -1 -1 2 3 -1 1
-1 11 13 8 -1 14 -1 -1 -1 -1 3 16 10 9 -1 4 -1 1 -1 -1 6 -1 15 5 7 12 -1 2 17 -1 0
14 20 -1 17 8 -1 1 3 16 12 -1 -1 -1 -1 13 10 11 -1 7 21 15 6 18 2 -1 -1 5 4 9 19 0
-1 6 -1 9 -1 -1 -1 -1 -1 -1 -1 -1 -1 -1 -1 3 -1 1 -1 -1 7 -1 2 5 -1 -1 -1 8 4 -1 0
5 19 -1 15 2 -1 8 17 11 18 -1 -1 -1 -1 3 16 4 -1 9 20 13 10 1 6 -1 -1 7 21 14 12 0
-1 9 -1 5 -1 -1 -1 -1 -1 -1 -1 -1 -1 -1 -1 7 -1 -1 -1 0 2 -1 3 4 -1 -1 -1 6 8 -1 1
-1 8 -1 1 -1 -1 -1 -1 -1 -1 -1 -1 -1 -1 -1 6 -1 -1 -1 -1 3 -1 5 7 -1 -1 -1 2 4 -1 0
20 16 -1 19 1 -1 8 15 13 18 -1 -1 -1 -1 5 7 10 -1 21 9 14 17 2 12 -1 -1 4 3 6 11 0
8 5 26 12 10 13 11 17 15 3 14 22 16 18 1 7 27 29 23 30 19 25 21 6 9 24 20 28 2 4 0
-1 7 -1 1 -1 -1 -1 -1 -1 -1 -1 -1 -1 -1 -1 4 -1 -1 -1 -1 5 -1 8 6 -1 -1 -1 3 2 -1 0
4 10 -1 9 7 -1 3 2 6 19 -1 -1 -1 -1 12 21 18 -1 20 11 22 16 15 13 1 -1 14 8 5 17 0
-1 4 -1 7 -1 -1 -1 -1 -1 -1 -1 -1 -1 -1 -1 8 -1 -1 -1 -1 5 -1 9 2 -1 1 -1 6 3 -1 0
-1 5 -1 4 -1 -1 -1 -1 -1 -1 -1 -1 -1 -1 -1 2 -1 -1 -1 -1 8 -1 9 7 -1 -1 0 3 6 -1 1
-1 8 -1 4 -1 -1 -1 -1 -1 -1 -1 -1 -1 -1 -1 6 -1 -1 -1 -1 5 -1 2 3 -1 -1 -1 1 7 -1 0
9 12 -1 11 14 -1 21 10 2 19 -1 -1 -1 -1 13 18 17 -1 15 7 8 20 5 6 -1 -1 3 16 1 4 0
7 20 -1 9 4 -1 5 3 18 12 -1 -1 -1 -1 1 6 11 -1 14 10 2 8 13 19 -1 -1 21 15 17 16 0
