30
3
O B O O A B B A A O O O O O A A A A O A B O A A B A A O A O
A B O A O B O A B A O A A O A B O A B O A A B O O B O O A A
O A A
2 4 6 10 13 16 19 23 24 26 27
1 2 4 5 6 8 10 13 15 16 18 19 22 23 24 25 26 27
2 4 6 10 13 16 19 23 24 26 27
2 4 6 10 13 16 19 23 24 26 27
0 2 3 4 6 7 9 10 11 12 13 14 16 17 19 20 21 23 24 26 27 28 29
1 2 4 5 6 8 10 13 15 16 18 19 22 23 24 25 26 27
1 2 4 5 6 8 10 13 15 16 18 19 22 23 24 25 26 27
0 2 3 4 6 7 9 10 11 12 13 14 16 17 19 20 21 23 24 26 27 28 29
0 2 3 4 6 7 9 10 11 12 13 14 16 17 19 20 21 23 24 26 27 28 29
2 4 6 10 13 16 19 23 24 26 27
2 4 6 10 13 16 19 23 24 26 27
2 4 6 10 13 16 19 23 24 26 27
2 4 6 10 13 16 19 23 24 26 27
2 4 6 10 13 16 19 23 24 26 27
0 2 3 4 6 7 9 10 11 12 13 14 16 17 19 20 21 23 24 26 27 28 29
0 2 3 4 6 7 9 10 11 12 13 14 16 17 19 20 21 23 24 26 27 28 29
0 2 3 4 6 7 9 10 11 12 13 14 16 17 19 20 21 23 24 26 27 28 29
0 2 3 4 6 7 9 10 11 12 13 14 16 17 19 20 21 23 24 26 27 28 29
2 4 6 10 13 16 19 23 24 26 27
0 2 3 4 6 7 9 10 11 12 13 14 16 17 19 20 21 23 24 26 27 28 29
1 2 4 5 6 8 10 13 15 16 18 19 22 23 24 25 26 27
2 4 6 10 13 16 19 23 24 26 27
0 2 3 4 6 7 9 10 11 12 13 14 16 17 19 20 21 23 24 26 27 28 29
0 2 3 4 6 7 9 10 11 12 13 14 16 17 19 20 21 23 24 26 27 28 29
1 2 4 5 6 8 10 13 15 16 18 19 22 23 24 25 26 27
0 2 3 4 6 7 9 10 11 12 13 14 16 17 19 20 21 23 24 26 27 28 29
0 2 3 4 6 7 9 10 11 12 13 14 16 17 19 20 21 23 24 26 27 28 29
2 4 6 10 13 16 19 23 24 26 27
0 2 3 4 6 7 9 10 11 12 13 14 16 17 19 20 21 23 24 26 27 28 29
2 4 6 10 13 16 19 23 24 26 27
1 -1 2 -1 7 -1 4 -1 -1 -1 8 -1 -1 9 -1 -1 10 -1 -1 11 -1 -1 -1 6 12 -1 3 5 -1 -1 0
-1 -1 15 -1 12 5 11 -1 2 -1 13 -1 -1 10 -1 6 3 -1 17 16 -1 -1 14 4 9 7 1 8 -1 -1 0
-1 -1 -1 -1 4 -1 11 -1 -1 -1 2 -1 -1 6 -1 -1 9 -1 -1 3 -1 -1 -1 10 7 -1 1 8 -1 -1 0
-1 -1 2 0 4 -1 5 -1 -1 -1 9 -1 -1 12 -1 -1 3 -1 -1 7 -1 -1 -1 10 8 -1 6 11 -1 -1 1
23 -1 16 11 -1 -1 14 13 -1 4 21 12 20 10 15 -1 8 5 -1 19 7 18 -1 3 1 -1 9 6 22 2 0
-1 11 1 -1 4 -1 10 -1 18 -1 7 -1 -1 9 -1 13 6 -1 15 17 -1 -1 14 16 2 5 8 12 -1 -1 0
-1 1 16 -1 2 13 -1 -1 4 -1 7 -1 -1 9 -1 14 11 -1 15 6 -1 -1 5 18 17 10 12 8 -1 -1 0
21 -1 14 15 19 -1 2 -1 -1 17 18 7 4 6 1 -1 8 23 -1 10 3 22 -1 9 16 -1 11 13 20 12 0
22 -1 18 4 9 -1 24 5 0 16 13 10 12 19 17 -1 23 14 -1 3 11 8 -1 20 21 -1 7 6 2 15 1
-1 -1 8 -1 7 -1 6 -1 -1 0 11 -1 -1 12 -1 -1 9 -1 -1 2 -1 -1 -1 5 10 -1 4 3 -1 -1 1
-1 -1 2 -1 11 -1 4 -1 -1 -1 -1 -1 -1 1 -1 -1 5 -1 -1 6 -1 -1 -1 8 3 -1 9 7 -1 -1 0
-1 -1 8 -1 9 -1 3 -1 -1 -1 6 1 -1 12 -1 -1 5 -1 -1 2 -1 -1 -1 10 11 -1 7 4 -1 -1 0
-1 -1 7 -1 11 -1 5 -1 -1 -1 8 -1 1 12 -1 -1 10 -1 -1 4 -1 -1 -1 6 3 -1 2 9 -1 -1 0
-1 -1 6 -1 1 -1 9 -1 -1 -1 10 -1 -1 -1 -1 -1 11 -1 -1 3 -1 -1 -1 7 8 -1 5 2 -1 -1 0
3 -1 10 22 16 -1 7 20 -1 21 2 6 9 4 -1 -1 18 12 -1 1 5 15 -1 14 13 -1 23 11 8 19 0
13 -1 6 23 16 -1 14 20 -1 7 12 22 17 2 11 1 19 10 -1 8 4 5 -1 9 21 -1 18 3 15 24 0
4 -1 11 16 22 -1 2 19 -1 12 15 18 8 1 17 -1 -1 13 -1 21 20 9 -1 7 14 -1 5 3 6 10 0
22 -1 10 13 19 -1 3 15 -1 12 20 1 14 2 18 -1 4 -1 -1 23 17 21 -1 9 11 -1 8 7 6 5 0
-1 -1 9 -1 8 -1 5 -1 -1 -1 2 -1 -1 4 -1 -1 12 -1 0 11 -1 -1 -1 10 6 -1 3 7 -1 -1 1
22 -1 10 18 1 -1 17 19 -1 8 16 21 11 12 6 -1 14 5 -1 -1 23 20 -1 15 3 -1 4 7 13 2 0
-1 10 16 -1 7 3 9 -1 13 -1 15 -1 -1 5 -1 17 19 -1 11 14 1 -1 8 6 2 12 4 18 -1 -1 0
-1 -1 3 -1 4 -1 11 -1 -1 -1 6 -1 -1 10 -1 -1 9 -1 -1 7 -1 0 -1 12 2 -1 8 5 -1 -1 1
7 -1 4 22 23 -1 24 3 -1 5 20 18 10 11 21 -1 6 19 -1 14 17 12 1 16 13 -1 9 15 2 8 0
23 -1 1 14 18 -1 12 5 -1 7 16 19 3 17 13 -1 20 6 -1 22 15 4 -1 -1 10 -1 11 8 21 9 0
-1 2 4 -1 15 18 13 -1 1 -1 11 -1 -1 8 -1 5 3 -1 12 17 -1 -1 9 7 -1 6 14 10 -1 -1 0
9 -1 21 13 20 -1 19 14 -1 6 16 24 7 11 2 -1 12 17 -1 4 22 18 -1 8 23 0 15 5 3 10 1
19 -1 10 16 17 -1 18 15 -1 1 22 5 13 12 21 -1 8 23 -1 7 3 20 -1 9 2 -1 -1 14 11 4 0
-1 -1 3 -1 10 -1 2 -1 -1 -1 8 -1 -1 4 -1 -1 5 -1 -1 9 -1 -1 -1 6 7 -1 1 -1 -1 -1 0
4 -1 20 3 15 -1 21 5 -1 9 13 16 23 7 14 -1 18 11 -1 1 10 6 -1 12 17 -1 8 2 -1 19 0
-1 -1 6 -1 10 -1 9 -1 -1 -1 5 -1 -1 11 -1 -1 7 -1 -1 2 -1 -1 -1 3 12 -1 8 4 -1 1 0
