30
3
O O B A A B AB A B A A A O A A A B A A A O A A O A O O O A A
A O A O O AB O O AB O A O O O A A O O A A A A A A O O A A B A
O A AB
1 3 4 6 7 9 11 12 13 16 17 24 25
1 3 4 6 7 9 11 12 13 16 17 24 25
1 3 4 6 7 9 11 12 13 16 17 24 25 28
0 1 2 3 4 6 7 9 10 11 12 13 14 15 16 17 18 19 20 21 22 23 24 25 26 27 29
0 1 2 3 4 6 7 9 10 11 12 13 14 15 16 17 18 19 20 21 22 23 24 25 26 27 29
1 3 4 6 7 9 11 12 13 16 17 24 25 28
0 1 2 3 4 5 6 7 8 9 10 11 12 13 14 15 16 17 18 19 20 21 22 23 24 25 26 27 28 29
0 1 2 3 4 6 7 9 10 11 12 13 14 15 16 17 18 19 20 21 22 23 24 25 26 27 29
1 3 4 6 7 9 11 12 13 16 17 24 25 28
0 1 2 3 4 6 7 9 10 11 12 13 14 15 16 17 18 19 20 21 22 23 24 25 26 27 29
0 1 2 3 4 6 7 9 10 11 12 13 14 15 16 17 18 19 20 21 22 23 24 25 26 27 29
0 1 2 3 4 6 7 9 10 11 12 13 14 15 16 17 18 19 20 21 22 23 24 25 26 27 29
1 3 4 6 7 9 11 12 13 16 17 24 25
0 1 2 3 4 6 7 9 10 11 12 13 14 15 16 17 18 19 20 21 22 23 24 25 26 27 29
0 1 2 3 4 6 7 9 10 11 12 13 14 15 16 17 18 19 20 21 22 23 24 25 26 27 29
0 1 2 3 4 6 7 9 10 11 12 13 14 15 16 17 18 19 20 21 22 23 24 25 26 27 29
1 3 4 6 7 9 11 12 13 16 17 24 25 28
0 1 2 3 4 6 7 9 10 11 12 13 14 15 16 17 18 19 20 21 22 23 24 25 26 27 29
0 1 2 3 4 6 7 9 10 11 12 13 14 15 16 17 18 19 20 21 22 23 24 25 26 27 29
0 1 2 3 4 6 7 9 10 11 12 13 14 15 16 17 18 19 20 21 22 23 24 25 26 27 29
1 3 4 6 7 9 11 12 13 16 17 24 25
0 1 2 3 4 6 7 9 10 11 12 13 14 15 16 17 18 19 20 21 22 23 24 25 26 27 29
0 1 2 3 4 6 7 9 10 11 12 13 14 15 16 17 18 19 20 21 22 23 24 25 26 27 29
1 3 4 6 7 9 11 12 13 16 17 24 25
0 1 2 3 4 6 7 9 10 11 12 13 14 15 16 17 18 19 20 21 22 23 24 25 26 27 29
1 3 4 6 7 9 11 12 13 16 17 24 25
1 3 4 6 7 9 11 12 13 16 17 24 25
1 3 4 6 7 9 11 12 13 16 17 24 25
0 1 2 3 4 6 7 9 10 11 12 13 14 15 16 17 18 19 20 21 22 23 24 25 26 27 29
0 1 2 3 4 6 7 9 10 11 12 13 14 15 16 17 18 19 20 21 22 23 24 25 26 27 29
1 13 -1 8 5 -1 4 9 -1 14 -1 6 2 11 -1 -1 12 7 -1 -1 -1 -1 -1 -1 3 10 -1 -1 -1 -1 0
-1 -1 -1 12 2 -1 4 5 -1 13 -1 3 7 8 -1 -1 1 10 -1 -1 -1 -1 -1 -1 11 9 -1 -1 -1 -1 0
-1 14 0 10 7 -1 11 13 -1 9 -1 5 6 2 -1 -1 15 3 -1 -1 -1 -1 -1 -1 12 4 -1 -1 8 -1 1
2 13 12 -1 9 -1 16 11 -1 7 20 22 27 19 14 10 17 21 6 1 3 4 5 24 26 15 18 25 -1 8 0
8 3 9 23 -1 -1 27 11 -1 4 1 20 19 5 14 21 7 12 15 17 25 2 10 26 24 13 18 16 -1 22 0
-1 3 -1 6 5 0 11 14 -1 10 -1 4 2 9 -1 -1 13 12 -1 -1 -1 -1 -1 -1 15 7 -1 -1 8 -1 1
28 5 23 3 18 25 -1 16 29 21 4 7 24 26 11 15 13 10 1 19 30 6 27 9 20 12 22 8 2 17 0
8 27 14 19 20 -1 26 -1 -1 6 18 24 23 12 10 2 22 13 11 7 9 17 21 5 4 25 15 1 -1 3 0
-1 11 -1 3 2 -1 12 10 1 4 -1 13 5 9 -1 -1 15 14 -1 -1 -1 -1 -1 -1 7 6 -1 -1 8 -1 0
4 26 17 8 19 -1 24 11 -1 -1 13 6 14 9 27 15 3 7 2 25 10 20 12 5 1 16 18 22 -1 23 0
16 11 5 6 23 -1 1 10 -1 3 -1 13 25 15 17 8 18 7 20 26 12 4 22 9 14 21 19 27 -1 2 0
10 24 22 13 14 -1 21 17 -1 8 19 -1 18 7 20 3 11 6 12 26 1 2 4 15 16 27 23 25 -1 9 0
-1 12 -1 8 1 -1 13 6 -1 4 -1 2 -1 3 -1 -1 9 10 -1 -1 -1 -1 -1 -1 7 11 -1 -1 -1 -1 0
2 24 17 9 20 -1 12 23 -1 27 25 8 15 -1 10 21 18 1 11 4 19 13 22 3 16 6 5 7 -1 26 0
11 19 24 16 25 -1 9 22 -1 7 5 27 15 17 -1 6 8 3 26 2 21 18 1 20 13 23 14 12 -1 10 0
2 23 5 6 8 -1 14 26 -1 9 12 21 27 11 13 -1 22 24 19 10 18 17 4 3 1 16 7 20 -1 25 0
-1 5 -1 1 13 -1 8 10 -1 6 -1 11 3 7 -1 -1 -1 4 -1 -1 -1 -1 -1 -1 14 12 -1 -1 2 -1 0
23 11 19 15 14 -1 21 5 -1 3 2 1 25 24 27 17 12 -1 20 6 8 10 26 9 4 18 22 7 -1 13 0
1 12 3 9 10 -1 22 25 -1 23 21 15 27 14 8 16 17 26 -1 11 2 5 19 24 6 13 7 18 -1 20 0
5 22 25 16 21 -1 13 19 -1 26 18 11 17 23 3 9 24 7 6 -1 1 15 4 27 12 10 14 20 -1 8 0
-1 12 -1 8 6 -1 13 9 -1 4 -1 3 10 2 -1 -1 7 5 -1 -1 1 -1 -1 -1 11 14 -1 -1 -1 -1 0
6 23 9 16 25 -1 8 22 -1 13 15 4 19 26 11 10 12 24 3 1 7 -1 14 17 21 27 5 20 -1 18 0
7 27 16 3 4 -1 1 2 -1 19 20 8 13 9 23 6 14 21 25 26 17 5 -1 10 22 15 12 24 -1 18 0
-1 12 -1 7 5 -1 8 6 -1 14 -1 11 3 9 -1 -1 4 10 -1 -1 -1 -1 -1 0 2 13 -1 -1 -1 -1 1
13 11 6 9 17 -1 24 27 -1 4 26 5 2 15 22 10 19 25 8 21 14 7 1 12 -1 3 20 18 -1 16 0
-1 2 -1 1 3 -1 7 8 -1 5 -1 6 11 10 -1 -1 12 4 -1 -1 -1 -1 -1 -1 13 -1 -1 -1 -1 -1 0
-1 3 -1 13 2 -1 6 4 -1 14 -1 7 12 11 -1 -1 9 5 -1 -1 -1 -1 -1 -1 8 10 1 -1 -1 -1 0
-1 3 -1 12 11 -1 6 5 -1 13 -1 10 9 4 -1 -1 7 2 -1 -1 -1 -1 -1 -1 8 14 -1 0 -1 -1 1
14 19 4 6 27 -1 20 5 -1 13 7 23 17 18 28 11 26 9 10 3 25 21 12 15 24 2 16 22 0 8 1
1 4 26 22 20 -1 10 12 -1 11 18 14 19 2 16 6 9 13 7 5 24 27 17 25 21 23 8 15 -1 -1 0
