30
3
O O A A O A A O O O A O O A O A A A O B O B A O O O O A O O
A B O O O O A B O AB O O O O B O O O O A O A A O O B AB B O O
O A O
2 3 4 5 8 10 11 12 13 15 16 17 18 20 23 24 28 29
2 3 4 5 8 10 11 12 13 15 16 17 18 20 23 24 28 29
0 2 3 4 5 6 8 10 11 12 13 15 16 17 18 19 20 21 22 23 24 28 29
0 2 3 4 5 6 8 10 11 12 13 15 16 17 18 19 20 21 22 23 24 28 29
2 3 4 5 8 10 11 12 13 15 16 17 18 20 23 24 28 29
0 2 3 4 5 6 8 10 11 12 13 15 16 17 18 19 20 21 22 23 24 28 29
0 2 3 4 5 6 8 10 11 12 13 15 16 17 18 19 20 21 22 23 24 28 29
2 3 4 5 8 10 11 12 13 15 16 17 18 20 23 24 28 29
2 3 4 5 8 10 11 12 13 15 16 17 18 20 23 24 28 29
2 3 4 5 8 10 11 12 13 15 16 17 18 20 23 24 28 29
0 2 3 4 5 6 8 10 11 12 13 15 16 17 18 19 20 21 22 23 24 28 29
2 3 4 5 8 10 11 12 13 15 16 17 18 20 23 24 28 29
2 3 4 5 8 10 11 12 13 15 16 17 18 20 23 24 28 29
0 2 3 4 5 6 8 10 11 12 13 15 16 17 18 19 20 21 22 23 24 28 29
2 3 4 5 8 10 11 12 13 15 16 17 18 20 23 24 28 29
0 2 3 4 5 6 8 10 11 12 13 15 16 17 18 19 20 21 22 23 24 28 29
0 2 3 4 5 6 8 10 11 12 13 15 16 17 18 19 20 21 22 23 24 28 29
0 2 3 4 5 6 8 10 11 12 13 15 16 17 18 19 20 21 22 23 24 28 29
2 3 4 5 8 10 11 12 13 15 16 17 18 20 23 24 28 29
1 2 3 4 5 7 8 10 11 12 13 14 15 16 17 18 20 23 24 25 27 28 29
2 3 4 5 8 10 11 12 13 15 16 17 18 20 23 24 28 29
1 2 3 4 5 7 8 10 11 12 13 14 15 16 17 18 20 23 24 25 27 28 29
0 2 3 4 5 6 8 10 11 12 13 15 16 17 18 19 20 21 22 23 24 28 29
2 3 4 5 8 10 11 12 13 15 16 17 18 20 23 24 28 29
2 3 4 5 8 10 11 12 13 15 16 17 18 20 23 24 28 29
2 3 4 5 8 10 11 12 13 15 16 17 18 20 23 24 28 29
2 3 4 5 8 10 11 12 13 15 16 17 18 20 23 24 28 29
0 2 3 4 5 6 8 10 11 12 13 15 16 17 18 19 20 21 22 23 24 28 29
2 3 4 5 8 10 11 12 13 15 16 17 18 20 23 24 28 29
2 3 4 5 8 10 11 12 13 15 16 17 18 20 23 24 28 29
1 -1 11 8 15 3 -1 -1 14 -1 5 18 9 6 -1 17 19 12 2 -1 16 -1 -1 4 13 -1 -1 -1 7 10 0
-1 0 16 12 4 14 -1 -1 3 -1 15 2 11 6 -1 10 18 13 9 -1 7 -1 -1 17 8 -1 -1 -1 5 19 1
14 -1 6 4 21 23 13 -1 12 -1 15 3 8 9 -1 16 1 17 7 22 5 20 2 11 18 -1 -1 -1 19 10 0
19 -1 21 18 7 15 1 -1 17 -1 22 3 12 2 -1 14 9 11 8 20 16 6 13 5 4 -1 -1 -1 23 10 0
-1 -1 5 17 11 2 -1 -1 1 -1 15 18 6 3 -1 16 8 12 13 -1 7 -1 -1 10 9 -1 -1 -1 14 4 0
14 -1 9 12 1 22 6 -1 3 -1 23 11 18 10 -1 15 2 7 4 20 5 19 17 8 13 -1 -1 -1 21 16 0
4 -1 2 16 17 3 15 -1 13 -1 20 1 5 22 -1 6 11 10 14 12 7 8 18 21 9 -1 -1 -1 23 19 0
-1 -1 2 18 14 15 -1 0 7 -1 6 4 17 19 -1 3 12 9 16 -1 13 -1 -1 10 8 -1 -1 -1 5 11 1
-1 -1 18 17 11 7 -1 -1 13 -1 6 8 10 5 -1 9 1 3 14 -1 4 -1 -1 16 2 -1 -1 -1 15 12 0
-1 -1 13 7 19 10 -1 -1 8 0 14 15 2 18 -1 12 5 17 4 -1 6 -1 -1 16 3 -1 -1 -1 11 9 1
6 -1 15 20 23 10 9 -1 8 -1 1 22 4 13 -1 2 12 21 7 5 14 17 18 3 19 -1 -1 -1 16 11 0
-1 -1 15 12 18 1 -1 -1 17 -1 13 4 2 3 -1 9 8 11 14 -1 10 -1 -1 7 6 -1 -1 -1 16 5 0
-1 -1 15 5 12 17 -1 -1 7 -1 6 2 13 8 -1 1 10 11 4 -1 9 -1 -1 3 16 -1 -1 -1 14 18 0
1 -1 7 11 17 3 23 -1 18 -1 6 13 5 4 -1 10 8 16 9 2 22 15 12 14 20 -1 -1 -1 21 19 0
-1 -1 17 10 13 15 -1 -1 5 -1 7 14 6 4 0 9 2 16 11 -1 8 -1 -1 18 19 -1 -1 -1 3 12 1
14 -1 18 4 10 8 12 -1 16 -1 20 6 21 22 -1 5 19 17 13 1 23 3 11 9 15 -1 -1 -1 2 7 0
15 -1 12 10 4 19 1 -1 3 -1 2 21 13 16 -1 5 9 6 7 14 23 18 20 17 22 -1 -1 -1 8 11 0
21 -1 7 1 9 12 23 -1 13 -1 3 16 18 6 -1 11 22 5 4 8 20 17 14 2 10 -1 -1 -1 15 19 0
-1 -1 15 13 3 17 -1 -1 2 -1 9 11 12 5 -1 16 6 1 10 -1 4 -1 -1 7 8 -1 -1 -1 18 14 0
-1 7 4 16 8 24 -1 14 3 -1 13 9 5 23 21 2 22 20 18 0 15 -1 -1 17 10 6 -1 19 12 11 1
-1 -1 10 18 3 8 -1 -1 2 -1 7 5 4 15 -1 9 11 6 13 -1 14 -1 -1 12 17 -1 -1 -1 1 16 0
-1 7 18 16 14 24 -1 11 23 -1 20 15 5 10 4 22 6 3 8 -1 21 0 -1 19 17 2 -1 13 9 12 1
17 -1 3 23 7 16 13 -1 4 -1 12 10 1 5 -1 15 9 14 19 2 8 6 21 22 20 -1 -1 -1 11 18 0
-1 -1 3 17 1 8 -1 -1 4 -1 11 12 7 13 -1 6 15 14 10 -1 2 -1 -1 16 9 -1 -1 -1 18 5 0
-1 -1 3 13 12 18 -1 -1 7 -1 2 8 9 14 -1 17 4 1 5 -1 15 -1 -1 11 16 -1 -1 -1 6 10 0
-1 -1 6 10 14 18 -1 -1 16 -1 15 17 5 4 -1 12 7 3 19 -1 9 -1 -1 13 2 1 -1 -1 8 11 0
-1 -1 17 9 7 8 -1 -1 10 -1 3 14 2 16 -1 12 11 18 15 -1 13 -1 -1 5 4 -1 0 -1 19 6 1
5 -1 9 14 20 18 22 -1 21 -1 15 10 24 4 -1 6 8 19 11 16 13 23 3 7 2 -1 -1 1 17 12 0
-1 -1 12 14 18 1 -1 -1 13 -1 7 8 16 9 -1 17 10 3 15 -1 2 -1 -1 11 5 -1 -1 -1 6 4 0
-1 -1 13 18 3 15 -1 -1 5 -1 17 16 11 2 -1 6 8 10 1 -1 12 -1 -1 7 4 -1 -1 -1 14 9 0
