30
3
O O O A O O O O A A A A A AB B A A B A A B O O A A O A O A A
O A A O A O O O O A AB A O O B A A O B A O O A A O A B A A A
O O O
0 3 5 6 7 8 12 13 17 20 21 24
0 3 5 6 7 8 12 13 17 20 21 24
0 3 5 6 7 8 12 13 17 20 21 24
0 1 2 3 4 5 6 7 8 9 11 12 13 15 16 17 19 20 21 22 23 24 25 27 28 29
0 3 5 6 7 8 12 13 17 20 21 24
0 3 5 6 7 8 12 13 17 20 21 24
0 3 5 6 7 8 12 13 17 20 21 24
0 3 5 6 7 8 12 13 17 20 21 24
0 1 2 3 4 5 6 7 8 9 11 12 13 15 16 17 19 20 21 22 23 24 25 27 28 29
0 1 2 3 4 5 6 7 8 9 11 12 13 15 16 17 19 20 21 22 23 24 25 27 28 29
0 1 2 3 4 5 6 7 8 9 11 12 13 15 16 17 19 20 21 22 23 24 25 27 28 29
0 1 2 3 4 5 6 7 8 9 11 12 13 15 16 17 19 20 21 22 23 24 25 27 28 29
0 1 2 3 4 5 6 7 8 9 11 12 13 15 16 17 19 20 21 22 23 24 25 27 28 29
0 1 2 3 4 5 6 7 8 9 10 11 12 13 14 15 16 17 18 19 20 21 22 23 24 25 26 27 28 29
0 3 5 6 7 8 12 13 14 17 18 20 21 24 26
0 1 2 3 4 5 6 7 8 9 11 12 13 15 16 17 19 20 21 22 23 24 25 27 28 29
0 1 2 3 4 5 6 7 8 9 11 12 13 15 16 17 19 20 21 22 23 24 25 27 28 29
0 3 5 6 7 8 12 13 14 17 18 20 21 24 26
0 1 2 3 4 5 6 7 8 9 11 12 13 15 16 17 19 20 21 22 23 24 25 27 28 29
0 1 2 3 4 5 6 7 8 9 11 12 13 15 16 17 19 20 21 22 23 24 25 27 28 29
0 3 5 6 7 8 12 13 14 17 18 20 21 24 26
0 3 5 6 7 8 12 13 17 20 21 24
0 3 5 6 7 8 12 13 17 20 21 24
0 1 2 3 4 5 6 7 8 9 11 12 13 15 16 17 19 20 21 22 23 24 25 27 28 29
0 1 2 3 4 5 6 7 8 9 11 12 13 15 16 17 19 20 21 22 23 24 25 27 28 29
0 3 5 6 7 8 12 13 17 20 21 24
0 1 2 3 4 5 6 7 8 9 11 12 13 15 16 17 19 20 21 22 23 24 25 27 28 29
0 3 5 6 7 8 12 13 17 20 21 24
0 1 2 3 4 5 6 7 8 9 11 12 13 15 16 17 19 20 21 22 23 24 25 27 28 29
0 1 2 3 4 5 6 7 8 9 11 12 13 15 16 17 19 20 21 22 23 24 25 27 28 29
1 -1 -1 10 -1 8 4 2 12 -1 -1 -1 7 3 -1 -1 -1 6 -1 -1 11 9 -1 -1 5 -1 -1 -1 -1 -1 0
7 -1 -1 11 -1 2 4 6 3 -1 -1 -1 12 8 -1 -1 -1 9 -1 -1 10 5 -1 -1 1 -1 -1 -1 -1 -1 0
7 -1 -1 9 -1 2 5 8 1 -1 -1 -1 6 11 -1 -1 -1 12 -1 -1 10 3 -1 -1 4 -1 -1 -1 -1 -1 0
23 8 2 1 11 15 17 26 16 21 -1 4 25 18 -1 12 7 3 -1 5 9 10 19 13 6 24 -1 20 14 22 0
8 -1 -1 5 -1 1 9 10 3 -1 -1 -1 6 4 -1 -1 -1 2 -1 -1 12 11 -1 -1 7 -1 -1 -1 -1 -1 0
10 -1 -1 9 -1 0 4 5 12 -1 -1 -1 2 11 -1 -1 -1 3 -1 -1 7 8 -1 -1 6 -1 -1 -1 -1 -1 1
12 -1 -1 5 -1 4 0 2 8 -1 -1 -1 3 11 -1 -1 -1 7 -1 -1 9 10 -1 -1 6 -1 -1 -1 -1 -1 1
7 -1 -1 6 -1 2 4 1 10 -1 -1 -1 11 5 -1 -1 -1 8 -1 -1 3 9 -1 -1 12 -1 -1 -1 -1 -1 0
19 15 22 16 2 24 18 21 0 17 -1 20 9 6 -1 23 12 4 -1 13 5 10 26 7 8 14 -1 3 25 11 1
13 22 16 3 6 17 20 5 7 0 -1 11 19 15 -1 24 18 4 -1 25 26 14 21 12 10 23 -1 9 8 2 1
1 12 16 20 3 17 23 9 6 4 -1 10 24 8 -1 15 14 5 -1 19 18 25 11 2 7 22 -1 21 26 13 0
12 6 9 25 24 15 3 19 22 17 -1 1 13 4 -1 10 20 14 -1 8 21 23 18 5 2 16 -1 7 11 26 0
11 23 10 14 26 18 21 22 8 15 -1 4 1 17 -1 5 3 6 -1 25 16 2 9 19 13 20 -1 24 12 7 0
25 13 12 14 18 20 6 29 7 15 2 5 3 0 4 28 24 30 17 9 22 23 10 27 26 21 11 19 8 16 1
3 -1 -1 2 -1 8 14 15 12 -1 -1 -1 4 10 0 -1 -1 9 7 -1 13 5 -1 -1 11 -1 6 -1 -1 -1 1
9 17 7 3 25 24 14 4 21 12 -1 6 20 15 -1 1 5 26 -1 19 22 16 11 8 18 13 -1 10 2 23 0
22 5 18 21 10 6 24 3 20 19 -1 15 14 16 -1 26 1 9 -1 13 8 25 12 7 4 2 -1 23 11 17 0
13 -1 -1 4 -1 2 15 10 3 -1 -1 -1 9 12 14 -1 -1 1 6 -1 8 7 -1 -1 11 -1 5 -1 -1 -1 0
6 15 19 7 11 21 1 17 25 23 -1 18 20 26 -1 24 13 2 -1 3 4 5 16 14 9 10 -1 22 8 12 0
4 21 6 15 26 12 14 25 8 11 -1 24 3 9 -1 17 16 22 -1 1 19 10 2 18 13 5 -1 7 20 23 0
13 -1 -1 15 -1 11 10 5 4 -1 -1 -1 8 9 14 -1 -1 2 12 -1 1 7 -1 -1 3 -1 6 -1 -1 -1 0
3 -1 -1 11 -1 2 12 4 10 -1 -1 -1 5 8 -1 -1 -1 6 -1 -1 9 1 -1 -1 7 -1 -1 -1 -1 -1 0
12 -1 -1 2 -1 6 4 3 11 -1 -1 -1 9 5 -1 -1 -1 7 -1 -1 8 10 -1 -1 1 -1 -1 -1 -1 -1 0
14 16 15 26 24 19 12 25 2 23 -1 6 11 7 -1 18 8 21 -1 10 9 3 22 1 20 13 -1 17 5 4 0
10 6 16 21 24 22 3 18 9 8 -1 12 2 15 -1 26 17 13 -1 19 20 14 25 11 0 4 -1 5 7 23 1
12 -1 -1 2 -1 6 8 1 10 -1 -1 -1 11 4 -1 -1 -1 3 -1 -1 5 9 -1 -1 7 -1 -1 -1 -1 -1 0
3 16 10 17 2 4 18 19 26 25 -1 1 7 5 -1 20 8 15 -1 24 21 11 6 13 23 12 -1 14 22 9 0
12 -1 -1 10 -1 7 3 11 1 -1 -1 -1 4 8 -1 -1 -1 2 -1 -1 9 6 -1 -1 5 -1 -1 -1 -1 -1 0
21 8 7 26 5 9 14 16 10 24 -1 13 12 19 -1 2 11 17 -1 15 6 20 3 25 22 4 -1 23 0 18 1
20 15 14 6 24 12 2 22 23 26 -1 7 3 4 -1 21 16 13 -1 5 18 19 9 8 11 17 -1 10 25 1 0
