30
3
O A A O A B A B O O O A A B O O AB A A B O O O A A A A O B A
A O B O O O O B A O A B O A AB O O A O B O O A A A B O B O A
AB O O
1 3 4 5 6 9 12 15 16 18 20 21 26 28
0 1 3 4 5 6 8 9 10 12 13 15 16 17 18 20 21 22 23 24 26 28 29
0 1 3 4 5 6 8 9 10 12 13 15 16 17 18 20 21 22 23 24 26 28 29
1 3 4 5 6 9 12 15 16 18 20 21 26 28
0 1 3 4 5 6 8 9 10 12 13 15 16 17 18 20 21 22 23 24 26 28 29
1 2 3 4 5 6 7 9 11 12 15 16 18 19 20 21 25 26 27 28
0 1 3 4 5 6 8 9 10 12 13 15 16 17 18 20 21 22 23 24 26 28 29
1 2 3 4 5 6 7 9 11 12 15 16 18 19 20 21 25 26 27 28
1 3 4 5 6 9 12 15 16 18 20 21 26 28
1 3 4 5 6 9 12 15 16 18 20 21 26 28
1 3 4 5 6 9 12 15 16 18 20 21 26 28
0 1 3 4 5 6 8 9 10 12 13 15 16 17 18 20 21 22 23 24 26 28 29
0 1 3 4 5 6 8 9 10 12 13 15 16 17 18 20 21 22 23 24 26 28 29
1 2 3 4 5 6 7 9 11 12 15 16 18 19 20 21 25 26 27 28
1 3 4 5 6 9 12 15 16 18 20 21 26 28
1 3 4 5 6 9 12 15 16 18 20 21 26 28
0 1 2 3 4 5 6 7 8 9 10 11 12 13 14 15 16 17 18 19 20 21 22 23 24 25 26 27 28 29
0 1 3 4 5 6 8 9 10 12 13 15 16 17 18 20 21 22 23 24 26 28 29
0 1 3 4 5 6 8 9 10 12 13 15 16 17 18 20 21 22 23 24 26 28 29
1 2 3 4 5 6 7 9 11 12 15 16 18 19 20 21 25 26 27 28
1 3 4 5 6 9 12 15 16 18 20 21 26 28
1 3 4 5 6 9 12 15 16 18 20 21 26 28
1 3 4 5 6 9 12 15 16 18 20 21 26 28
0 1 3 4 5 6 8 9 10 12 13 15 16 17 18 20 21 22 23 24 26 28 29
0 1 3 4 5 6 8 9 10 12 13 15 16 17 18 20 21 22 23 24 26 28 29
0 1 3 4 5 6 8 9 10 12 13 15 16 17 18 20 21 22 23 24 26 28 29
0 1 3 4 5 6 8 9 10 12 13 15 16 17 18 20 21 22 23 24 26 28 29
1 3 4 5 6 9 12 15 16 18 20 21 26 28
1 2 3 4 5 6 7 9 11 12 15 16 18 19 20 21 25 26 27 28
0 1 3 4 5 6 8 9 10 12 13 15 16 17 18 20 21 22 23 24 26 28 29
-1 9 -1 1 7 8 12 -1 -1 13 -1 -1 3 -1 -1 2 4 -1 14 -1 5 10 -1 -1 -1 -1 6 -1 11 -1 0
16 0 -1 20 5 18 6 -1 7 11 17 -1 22 3 -1 14 8 23 12 -1 4 19 2 10 15 -1 21 -1 9 13 1
10 20 -1 4 15 14 23 -1 13 22 18 -1 7 17 -1 19 21 11 6 -1 9 2 12 3 5 -1 16 -1 8 1 0
-1 10 -1 0 3 14 4 -1 -1 5 -1 -1 6 -1 -1 13 12 -1 11 -1 8 9 -1 -1 -1 -1 2 -1 7 -1 1
8 7 -1 16 1 2 15 -1 23 12 17 -1 18 20 -1 6 13 14 19 -1 22 3 10 21 4 -1 11 -1 9 5 0
-1 19 5 10 11 1 2 20 -1 9 -1 12 13 -1 -1 3 6 -1 14 4 17 16 -1 -1 -1 8 15 7 18 -1 0
17 5 -1 6 22 23 0 -1 12 11 8 -1 19 10 -1 13 9 18 4 -1 15 14 2 3 21 -1 20 -1 16 7 1
-1 15 9 13 19 6 18 1 -1 8 -1 3 11 -1 -1 4 10 -1 12 2 5 7 -1 -1 -1 16 20 17 14 -1 0
-1 10 -1 2 7 12 6 -1 -1 3 -1 -1 4 -1 -1 9 8 -1 11 -1 14 1 -1 -1 -1 -1 5 -1 13 -1 0
-1 2 -1 9 10 13 5 -1 -1 1 -1 -1 7 -1 -1 6 3 -1 11 -1 12 4 -1 -1 -1 -1 14 -1 8 -1 0
-1 1 -1 7 11 10 4 -1 -1 3 -1 -1 8 -1 -1 2 5 -1 6 -1 13 12 -1 -1 -1 -1 9 -1 14 -1 0
14 11 -1 13 1 20 2 -1 18 8 22 -1 5 9 -1 10 19 7 4 -1 3 17 6 16 21 -1 15 -1 12 23 0
20 3 -1 10 4 18 23 -1 22 12 19 -1 1 9 -1 13 15 8 16 -1 17 7 6 21 14 -1 5 -1 2 11 0
-1 19 15 2 14 17 10 7 -1 3 -1 12 18 -1 -1 11 5 -1 9 4 6 1 -1 -1 -1 13 8 16 20 -1 0
-1 9 -1 8 4 13 10 -1 -1 3 -1 -1 11 -1 -1 1 7 -1 12 -1 5 2 -1 -1 -1 -1 14 -1 6 -1 0
-1 12 -1 10 13 6 3 -1 -1 5 -1 -1 7 -1 -1 0 9 -1 11 -1 14 2 -1 -1 -1 -1 4 -1 8 -1 1
20 17 10 2 4 18 6 14 21 22 23 16 7 26 3 5 1 25 30 28 24 8 15 29 13 27 12 19 11 9 0
9 5 -1 20 12 19 18 -1 17 2 11 -1 21 16 -1 6 15 0 10 -1 13 8 4 3 23 -1 14 -1 22 7 1
19 13 -1 2 23 21 4 -1 10 3 9 -1 6 11 -1 22 20 7 1 -1 18 16 15 8 12 -1 14 -1 17 5 0
-1 11 20 3 19 13 7 10 -1 18 -1 2 12 -1 -1 16 14 -1 15 0 4 8 -1 -1 -1 17 5 6 9 -1 1
-1 4 -1 13 5 8 2 -1 -1 7 -1 -1 12 -1 -1 11 6 -1 10 -1 1 9 -1 -1 -1 -1 3 -1 14 -1 0
-1 2 -1 14 7 12 9 -1 -1 13 -1 -1 5 -1 -1 10 3 -1 6 -1 8 1 -1 -1 -1 -1 11 -1 4 -1 0
-1 10 -1 8 12 14 11 -1 -1 3 -1 -1 1 -1 -1 6 5 -1 13 -1 9 2 -1 -1 -1 -1 4 -1 7 -1 0
15 20 -1 14 6 18 8 -1 7 23 17 -1 9 5 -1 4 19 12 22 -1 13 21 11 0 3 -1 16 -1 10 2 1
11 18 -1 16 22 6 20 -1 2 17 7 -1 19 21 -1 23 4 14 12 -1 8 10 13 3 0 -1 15 -1 5 9 1
11 23 -1 14 5 15 13 -1 21 2 17 -1 9 6 -1 10 4 16 19 -1 3 18 20 22 12 -1 1 -1 8 7 0
3 7 -1 5 10 19 9 -1 11 15 4 -1 18 20 -1 16 8 23 13 -1 22 2 6 12 17 -1 0 -1 14 21 1
-1 10 -1 6 12 3 7 -1 -1 4 -1 -1 13 -1 -1 14 9 -1 11 -1 8 2 -1 -1 -1 -1 5 -1 1 -1 0
-1 9 4 14 20 17 5 11 -1 7 -1 10 3 -1 -1 13 6 -1 15 18 2 12 -1 -1 -1 16 8 19 1 -1 0
2 23 -1 20 13 9 10 -1 22 4 12 -1 21 8 -1 18 15 7 16 -1 14 3 17 11 19 -1 6 -1 5 1 0
