30
3
A O A O A O O A O O A O A O A O O O O O O A A O A A O O O A
A O O O O A O O O A A A B B A A O O A O O A O O O O A A O O
O O O
0 1 2 3 4 5 6 7 8 9 10 11 14 15 16 17 18 19 20 21 22 23 24 25 26 27 28 29
1 2 3 4 6 7 8 16 17 19 20 22 23 24 25 28 29
0 1 2 3 4 5 6 7 8 9 10 11 14 15 16 17 18 19 20 21 22 23 24 25 26 27 28 29
1 2 3 4 6 7 8 16 17 19 20 22 23 24 25 28 29
0 1 2 3 4 5 6 7 8 9 10 11 14 15 16 17 18 19 20 21 22 23 24 25 26 27 28 29
1 2 3 4 6 7 8 16 17 19 20 22 23 24 25 28 29
1 2 3 4 6 7 8 16 17 19 20 22 23 24 25 28 29
0 1 2 3 4 5 6 7 8 9 10 11 14 15 16 17 18 19 20 21 22 23 24 25 26 27 28 29
1 2 3 4 6 7 8 16 17 19 20 22 23 24 25 28 29
1 2 3 4 6 7 8 16 17 19 20 22 23 24 25 28 29
0 1 2 3 4 5 6 7 8 9 10 11 14 15 16 17 18 19 20 21 22 23 24 25 26 27 28 29
1 2 3 4 6 7 8 16 17 19 20 22 23 24 25 28 29
0 1 2 3 4 5 6 7 8 9 10 11 14 15 16 17 18 19 20 21 22 23 24 25 26 27 28 29
1 2 3 4 6 7 8 16 17 19 20 22 23 24 25 28 29
0 1 2 3 4 5 6 7 8 9 10 11 14 15 16 17 18 19 20 21 22 23 24 25 26 27 28 29
1 2 3 4 6 7 8 16 17 19 20 22 23 24 25 28 29
1 2 3 4 6 7 8 16 17 19 20 22 23 24 25 28 29
1 2 3 4 6 7 8 16 17 19 20 22 23 24 25 28 29
1 2 3 4 6 7 8 16 17 19 20 22 23 24 25 28 29
1 2 3 4 6 7 8 16 17 19 20 22 23 24 25 28 29
1 2 3 4 6 7 8 16 17 19 20 22 23 24 25 28 29
0 1 2 3 4 5 6 7 8 9 10 11 14 15 16 17 18 19 20 21 22 23 24 25 26 27 28 29
0 1 2 3 4 5 6 7 8 9 10 11 14 15 16 17 18 19 20 21 22 23 24 25 26 27 28 29
1 2 3 4 6 7 8 16 17 19 20 22 23 24 25 28 29
0 1 2 3 4 5 6 7 8 9 10 11 14 15 16 17 18 19 20 21 22 23 24 25 26 27 28 29
0 1 2 3 4 5 6 7 8 9 10 11 14 15 16 17 18 19 20 21 22 23 24 25 26 27 28 29
1 2 3 4 6 7 8 16 17 19 20 22 23 24 25 28 29
1 2 3 4 6 7 8 16 17 19 20 22 23 24 25 28 29
1 2 3 4 6 7 8 16 17 19 20 22 23 24 25 28 29
0 1 2 3 4 5 6 7 8 9 10 11 14 15 16 17 18 19 20 21 22 23 24 25 26 27 28 29
8 28 24 14 11 1 17 21 3 10 7 25 -1 -1 22 20 4 5 6 13 15 27 26 12 16 18 19 23 9 2 0
-1 15 8 7 16 -1 14 5 11 -1 -1 -1 -1 -1 -1 -1 1 3 -1 13 10 -1 4 9 12 6 -1 -1 2 17 0
24 3 17 23 14 2 26 10 4 28 1 18 -1 -1 15 11 16 21 13 7 20 12 25 22 6 27 19 8 5 9 0
-1 16 9 17 13 -1 3 12 6 -1 -1 -1 -1 -1 -1 -1 4 11 -1 5 8 -1 10 14 2 7 -1 -1 15 1 0
21 17 12 5 23 1 14 27 19 6 20 8 -1 -1 2 13 16 9 24 22 7 11 3 15 4 28 25 26 10 18 0
-1 11 16 9 15 1 2 10 7 -1 -1 -1 -1 -1 -1 -1 17 8 -1 3 18 -1 5 4 13 12 -1 -1 6 14 0
-1 4 11 14 7 -1 6 15 16 -1 -1 -1 -1 -1 -1 -1 10 2 -1 3 1 -1 13 12 5 8 -1 -1 17 9 0
9 15 28 16 14 26 13 20 17 6 19 4 -1 -1 27 23 24 11 21 8 1 2 18 12 22 5 3 10 25 7 0
-1 1 7 17 14 -1 11 16 5 -1 -1 -1 -1 -1 -1 -1 12 6 -1 9 3 -1 8 15 4 13 -1 -1 10 2 0
-1 15 2 7 5 -1 17 4 12 0 -1 -1 -1 -1 -1 -1 13 3 -1 10 11 -1 18 16 6 8 -1 -1 9 14 1
12 11 28 27 2 19 24 17 4 1 7 22 -1 -1 25 20 21 10 26 9 23 14 8 16 18 6 15 5 3 13 0
-1 4 7 11 10 -1 17 2 18 -1 -1 1 -1 -1 -1 -1 8 5 -1 6 13 -1 9 3 14 15 -1 -1 16 12 0
14 7 20 17 4 13 10 24 15 16 9 23 1 -1 25 8 18 28 29 11 12 19 22 2 5 21 3 6 27 26 0
-1 13 8 12 17 -1 7 4 11 -1 -1 -1 -1 0 -1 -1 18 5 -1 15 2 -1 16 14 3 9 -1 -1 10 6 1
26 19 13 11 8 17 12 22 2 9 21 7 -1 -1 20 28 16 27 14 15 3 5 6 23 18 1 25 4 24 10 0
-1 9 18 2 11 -1 16 14 17 -1 -1 -1 -1 -1 -1 1 3 8 -1 13 4 -1 7 10 6 15 -1 -1 12 5 0
-1 11 4 2 10 -1 14 3 5 -1 -1 -1 -1 -1 -1 -1 1 9 -1 8 17 -1 16 7 15 13 -1 -1 6 12 0
-1 7 12 6 17 -1 16 8 9 -1 -1 -1 -1 -1 -1 -1 10 4 -1 2 15 -1 1 11 5 13 -1 -1 3 14 0
-1 17 12 5 9 -1 13 2 15 -1 -1 -1 -1 -1 -1 -1 8 11 1 4 18 -1 3 7 10 6 -1 -1 16 14 0
-1 8 10 14 9 -1 17 13 15 -1 -1 -1 -1 -1 -1 -1 5 7 -1 4 2 -1 16 6 11 12 -1 -1 1 3 0
-1 13 4 3 2 -1 6 5 15 -1 -1 -1 -1 -1 -1 -1 1 8 -1 10 11 -1 7 14 12 16 -1 -1 9 17 0
11 7 18 15 24 23 12 2 16 28 10 8 -1 -1 22 3 5 19 17 21 27 1 26 13 6 14 9 4 20 25 0
16 10 1 15 3 23 27 6 25 19 7 26 -1 -1 11 24 18 8 9 22 20 13 28 4 17 5 14 12 21 2 0
-1 4 8 12 15 -1 17 11 13 -1 -1 -1 -1 -1 -1 -1 9 2 -1 3 10 -1 6 1 5 7 -1 -1 14 16 0
3 17 20 14 15 4 11 2 12 22 26 27 -1 -1 5 24 10 18 9 16 19 28 21 25 8 1 13 7 23 6 0
26 5 10 15 27 19 2 14 20 17 21 12 -1 -1 25 18 24 6 1 7 13 23 8 22 4 9 16 11 28 3 0
-1 12 2 17 5 -1 18 7 11 -1 -1 -1 -1 -1 -1 -1 16 13 -1 3 15 -1 4 14 6 10 0 -1 8 9 1
-1 8 17 2 12 -1 7 5 16 -1 -1 -1 -1 -1 -1 -1 3 6 -1 4 15 -1 9 14 13 10 -1 1 11 18 0
-1 14 1 16 9 -1 4 17 3 -1 -1 -1 -1 -1 -1 -1 15 11 -1 10 5 -1 13 6 12 7 -1 -1 8 2 0
6 18 25 2 14 17 16 24 3 21 10 19 -1 -1 15 20 5 26 11 22 13 27 9 12 1 4 23 28 7 8 0
