30
3
O A O A A O B A O O O O O O A A A O A O B O O O O O A A O O
A AB A A A A A B O O O A A O A AB A A O AB O O O A B O B O O A
B B O
8 9 10 13 18 20 21 22 25 27 28
0 2 3 4 5 6 8 9 10 11 12 13 14 16 17 18 20 21 22 23 25 27 28 29
8 9 10 13 18 20 21 22 25 27 28
0 2 3 4 5 6 8 9 10 11 12 13 14 16 17 18 20 21 22 23 25 27 28 29
0 2 3 4 5 6 8 9 10 11 12 13 14 16 17 18 20 21 22 23 25 27 28 29
8 9 10 13 18 20 21 22 25 27 28
7 8 9 10 13 18 20 21 22 24 25 26 27 28
0 2 3 4 5 6 8 9 10 11 12 13 14 16 17 18 20 21 22 23 25 27 28 29
8 9 10 13 18 20 21 22 25 27 28
8 9 10 13 18 20 21 22 25 27 28
8 9 10 13 18 20 21 22 25 27 28
8 9 10 13 18 20 21 22 25 27 28
8 9 10 13 18 20 21 22 25 27 28
8 9 10 13 18 20 21 22 25 27 28
0 2 3 4 5 6 8 9 10 11 12 13 14 16 17 18 20 21 22 23 25 27 28 29
0 2 3 4 5 6 8 9 10 11 12 13 14 16 17 18 20 21 22 23 25 27 28 29
0 2 3 4 5 6 8 9 10 11 12 13 14 16 17 18 20 21 22 23 25 27 28 29
8 9 10 13 18 20 21 22 25 27 28
0 2 3 4 5 6 8 9 10 11 12 13 14 16 17 18 20 21 22 23 25 27 28 29
8 9 10 13 18 20 21 22 25 27 28
7 8 9 10 13 18 20 21 22 24 25 26 27 28
8 9 10 13 18 20 21 22 25 27 28
8 9 10 13 18 20 21 22 25 27 28
8 9 10 13 18 20 21 22 25 27 28
8 9 10 13 18 20 21 22 25 27 28
8 9 10 13 18 20 21 22 25 27 28
0 2 3 4 5 6 8 9 10 11 12 13 14 16 17 18 20 21 22 23 25 27 28 29
0 2 3 4 5 6 8 9 10 11 12 13 14 16 17 18 20 21 22 23 25 27 28 29
8 9 10 13 18 20 21 22 25 27 28
8 9 10 13 18 20 21 22 25 27 28
-1 -1 -1 -1 -1 -1 -1 -1 6 11 8 -1 -1 1 -1 -1 -1 -1 9 -1 2 5 7 -1 -1 4 -1 10 3 -1 0
15 -1 3 10 20 8 7 -1 2 17 22 11 21 4 19 -1 5 6 9 -1 16 18 14 1 -1 23 -1 24 12 13 0
-1 -1 -1 -1 -1 -1 -1 -1 1 4 8 -1 -1 2 -1 -1 -1 -1 5 -1 6 3 10 -1 -1 9 -1 7 11 -1 0
20 -1 16 0 7 5 2 -1 17 22 9 3 10 14 15 -1 12 8 24 -1 4 13 19 21 -1 23 -1 18 11 6 1
18 -1 3 8 1 24 13 -1 5 6 20 11 2 10 15 -1 22 14 21 -1 16 23 19 7 -1 12 -1 17 9 4 0
-1 -1 -1 -1 -1 -1 -1 -1 8 1 3 -1 -1 9 -1 -1 -1 -1 6 -1 4 5 10 -1 -1 2 -1 7 11 -1 0
-1 -1 -1 -1 -1 -1 -1 14 3 1 13 -1 -1 8 -1 -1 -1 -1 7 -1 9 11 2 -1 6 4 12 5 10 -1 0
13 -1 4 10 9 20 1 -1 14 19 2 22 7 5 15 -1 17 8 23 -1 3 16 24 18 -1 21 -1 11 6 12 0
-1 -1 -1 -1 -1 -1 -1 -1 0 3 2 -1 -1 8 -1 -1 -1 -1 11 -1 6 7 5 -1 -1 9 -1 4 10 -1 1
-1 -1 -1 -1 -1 -1 -1 -1 8 1 5 -1 -1 3 -1 -1 -1 -1 11 -1 10 9 4 -1 -1 7 -1 6 2 -1 0
-1 -1 -1 -1 -1 -1 -1 -1 9 2 0 -1 -1 11 -1 -1 -1 -1 4 -1 5 10 7 -1 -1 6 -1 3 8 -1 1
-1 -1 -1 -1 -1 -1 -1 -1 8 11 1 -1 -1 9 -1 -1 -1 -1 7 -1 4 3 2 -1 -1 5 -1 10 6 -1 0
-1 -1 -1 -1 -1 -1 -1 -1 9 4 11 -1 -1 5 -1 -1 -1 -1 2 -1 3 7 6 -1 -1 1 -1 10 8 -1 0
-1 -1 -1 -1 -1 -1 -1 -1 6 10 9 -1 -1 1 -1 -1 -1 -1 11 -1 4 8 3 -1 -1 7 -1 5 2 -1 0
12 -1 18 11 23 3 24 -1 2 13 15 10 22 4 1 -1 6 20 21 -1 5 19 16 17 -1 7 -1 8 9 14 0
22 -1 9 2 18 14 16 -1 12 8 23 24 13 1 20 -1 3 17 4 -1 21 5 19 6 -1 7 -1 11 10 15 0
12 -1 7 3 4 14 22 -1 20 17 16 18 21 24 5 -1 0 9 2 -1 19 10 15 8 -1 13 -1 23 11 6 1
-1 -1 -1 -1 -1 -1 -1 -1 10 8 5 -1 -1 9 -1 -1 -1 -1 1 -1 11 7 6 -1 -1 2 -1 4 3 -1 0
11 -1 6 3 13 19 8 -1 7 9 12 2 22 4 23 -1 16 18 0 -1 5 21 10 17 -1 20 -1 15 14 24 1
-1 -1 -1 -1 -1 -1 -1 -1 4 1 7 -1 -1 8 -1 -1 -1 -1 11 -1 6 10 3 -1 -1 2 -1 5 9 -1 0
-1 -1 -1 -1 -1 -1 -1 4 3 5 13 -1 -1 8 -1 -1 -1 -1 14 -1 0 9 10 -1 7 11 6 2 12 -1 1
-1 -1 -1 -1 -1 -1 -1 -1 6 3 7 -1 -1 10 -1 -1 -1 -1 2 -1 4 1 9 -1 -1 8 -1 5 11 -1 0
-1 -1 -1 -1 -1 -1 -1 -1 5 10 9 -1 -1 7 -1 -1 -1 -1 3 -1 4 11 1 -1 -1 8 -1 6 2 -1 0
-1 -1 -1 -1 -1 -1 -1 -1 3 10 9 -1 -1 11 -1 -1 -1 -1 7 -1 5 6 8 -1 -1 2 -1 4 1 -1 0
-1 -1 -1 -1 -1 -1 -1 -1 10 3 11 -1 -1 8 -1 -1 -1 -1 7 -1 1 9 4 -1 -1 5 -1 2 6 -1 0
-1 -1 -1 -1 -1 -1 -1 -1 9 7 11 -1 -1 6 -1 -1 -1 -1 8 -1 10 5 3 -1 -1 0 -1 2 4 -1 1
15 -1 5 17 9 1 24 -1 16 11 12 14 10 6 13 -1 18 4 8 -1 19 20 2 3 -1 7 -1 22 23 21 0
17 -1 9 19 3 12 8 -1 23 15 21 16 6 7 20 -1 24 4 22 -1 10 18 14 13 -1 11 -1 1 5 2 0
-1 -1 -1 -1 -1 -1 -1 -1 7 4 9 -1 -1 5 -1 -1 -1 -1 10 -1 11 6 3 -1 -1 8 -1 2 1 -1 0
-1 -1 -1 -1 -1 -1 -1 -1 1 2 5 -1 -1 4 -1 -1 -1 -1 6 -1 9 10 7 -1 -1 8 -1 3 11 -1 0
