30
3
B A A A O A O O A O O A B O O O B A A A A O O O A B AB A A O
A O AB O A B O B AB O AB O O O A O B O A B AB O A A A O A A O AB
B O A
1 3 5 6 7 9 11 12 13 15 16 17 19 21 25 28
0 1 3 4 6 9 11 12 13 14 15 17 18 21 22 23 24 25 26 27 28
0 1 3 4 6 9 11 12 13 14 15 17 18 21 22 23 24 25 26 27 28
0 1 3 4 6 9 11 12 13 14 15 17 18 21 22 23 24 25 26 27 28
1 3 6 9 11 12 13 15 17 21 25 28
0 1 3 4 6 9 11 12 13 14 15 17 18 21 22 23 24 25 26 27 28
1 3 6 9 11 12 13 15 17 21 25 28
1 3 6 9 11 12 13 15 17 21 25 28
0 1 3 4 6 9 11 12 13 14 15 17 18 21 22 23 24 25 26 27 28
1 3 6 9 11 12 13 15 17 21 25 28
1 3 6 9 11 12 13 15 17 21 25 28
0 1 3 4 6 9 11 12 13 14 15 17 18 21 22 23 24 25 26 27 28
1 3 5 6 7 9 11 12 13 15 16 17 19 21 25 28
1 3 6 9 11 12 13 15 17 21 25 28
1 3 6 9 11 12 13 15 17 21 25 28
1 3 6 9 11 12 13 15 17 21 25 28
1 3 5 6 7 9 11 12 13 15 16 17 19 21 25 28
0 1 3 4 6 9 11 12 13 14 15 17 18 21 22 23 24 25 26 27 28
0 1 3 4 6 9 11 12 13 14 15 17 18 21 22 23 24 25 26 27 28
0 1 3 4 6 9 11 12 13 14 15 17 18 21 22 23 24 25 26 27 28
0 1 3 4 6 9 11 12 13 14 15 17 18 21 22 23 24 25 26 27 28
1 3 6 9 11 12 13 15 17 21 25 28
1 3 6 9 11 12 13 15 17 21 25 28
1 3 6 9 11 12 13 15 17 21 25 28
0 1 3 4 6 9 11 12 13 14 15 17 18 21 22 23 24 25 26 27 28
1 3 5 6 7 9 11 12 13 15 16 17 19 21 25 28
0 1 2 3 4 5 6 7 8 9 10 11 12 13 14 15 16 17 18 19 20 21 22 23 24 25 26 27 28 29
0 1 3 4 6 9 11 12 13 14 15 17 18 21 22 23 24 25 26 27 28
0 1 3 4 6 9 11 12 13 14 15 17 18 21 22 23 24 25 26 27 28
1 3 6 9 11 12 13 15 17 21 25 28
-1 15 -1 12 -1 4 10 13 -1 5 -1 3 1 9 -1 6 7 14 -1 2 -1 11 -1 -1 -1 16 -1 -1 8 -1 0
15 1 -1 11 6 -1 3 -1 -1 13 -1 10 17 9 20 16 -1 7 8 -1 -1 12 2 4 21 5 18 14 19 -1 0
16 4 -1 14 2 -1 10 -1 -1 5 -1 21 19 7 3 13 -1 20 18 -1 -1 6 8 9 11 17 12 1 15 -1 0
7 17 -1 0 9 -1 12 -1 -1 4 -1 19 8 21 18 2 -1 11 16 -1 -1 10 20 6 13 14 15 5 3 -1 1
-1 4 -1 7 -1 -1 3 -1 -1 1 -1 6 10 8 -1 5 -1 11 -1 -1 -1 9 -1 -1 -1 12 -1 -1 2 -1 0
6 10 -1 16 4 -1 8 -1 -1 19 -1 2 21 9 17 20 -1 5 11 -1 -1 18 14 7 12 13 15 3 1 -1 0
-1 9 -1 8 -1 -1 1 -1 -1 7 -1 10 6 3 -1 5 -1 4 -1 -1 -1 2 -1 -1 -1 11 -1 -1 12 -1 0
-1 5 -1 8 -1 -1 10 -1 -1 1 -1 9 4 11 -1 3 -1 2 -1 -1 -1 6 -1 -1 -1 12 -1 -1 7 -1 0
20 8 -1 14 1 -1 6 -1 -1 9 -1 5 10 21 19 11 -1 3 15 -1 -1 4 17 2 13 16 18 7 12 -1 0
-1 3 -1 7 -1 -1 10 -1 -1 1 -1 12 6 4 -1 11 -1 9 -1 -1 -1 5 -1 -1 -1 8 -1 -1 2 -1 0
-1 7 -1 5 -1 -1 2 -1 -1 6 -1 8 12 11 -1 3 -1 10 -1 -1 -1 9 -1 -1 -1 1 -1 -1 4 -1 0
11 14 -1 3 2 -1 15 -1 -1 10 -1 0 20 7 8 18 -1 6 9 -1 -1 13 19 12 5 17 21 16 4 -1 1
-1 9 -1 3 -1 7 8 16 -1 11 -1 15 1 10 -1 13 4 6 -1 5 -1 2 -1 -1 -1 12 -1 -1 14 -1 0
-1 12 -1 7 -1 -1 4 -1 -1 9 -1 6 2 0 -1 11 -1 8 -1 -1 -1 3 -1 -1 -1 10 -1 -1 5 -1 1
-1 8 -1 1 -1 -1 6 -1 -1 3 -1 7 10 12 -1 4 -1 5 -1 -1 -1 9 -1 -1 -1 2 -1 -1 11 -1 0
-1 5 -1 7 -1 -1 8 -1 -1 6 -1 4 2 11 -1 1 -1 3 -1 -1 -1 10 -1 -1 -1 9 -1 -1 12 -1 0
-1 15 -1 10 -1 2 7 5 -1 11 -1 13 8 9 -1 12 1 6 -1 3 -1 16 -1 -1 -1 14 -1 -1 4 -1 0
15 10 -1 9 18 -1 17 -1 -1 20 -1 2 12 13 3 8 -1 1 5 -1 -1 16 21 7 11 14 19 6 4 -1 0
4 15 -1 6 3 -1 20 -1 -1 8 -1 11 12 19 17 21 -1 13 1 -1 -1 7 5 9 16 18 10 2 14 -1 0
17 12 -1 9 1 -1 19 -1 -1 16 -1 20 8 10 11 18 -1 15 13 -1 -1 6 4 3 5 2 21 7 14 -1 0
20 18 -1 19 16 -1 4 -1 -1 13 -1 10 1 17 8 9 -1 14 21 -1 -1 5 12 2 6 11 7 3 15 -1 0
-1 10 -1 9 -1 -1 6 -1 -1 8 -1 7 11 4 -1 3 -1 12 -1 -1 -1 1 -1 -1 -1 5 -1 -1 2 -1 0
-1 5 -1 1 -1 -1 4 -1 -1 9 -1 8 3 10 -1 7 -1 11 -1 -1 -1 12 -1 -1 -1 6 -1 -1 2 -1 0
-1 5 -1 1 -1 -1 12 -1 -1 11 -1 4 8 6 -1 10 -1 7 -1 -1 -1 2 -1 -1 -1 3 -1 -1 9 -1 0
18 19 -1 5 13 -1 10 -1 -1 12 -1 4 16 7 14 15 -1 20 8 -1 -1 3 21 11 1 6 9 17 2 -1 0
-1 2 -1 6 -1 3 9 5 -1 12 -1 8 14 15 -1 7 4 13 -1 16 -1 11 -1 -1 -1 1 -1 -1 10 -1 0
18 6 8 2 10 27 26 5 9 3 16 22 14 29 19 21 23 28 25 12 24 7 30 4 13 17 0 15 20 11 1
15 9 -1 18 19 -1 13 -1 -1 16 -1 8 4 20 21 17 -1 14 7 -1 -1 12 11 5 6 3 2 1 10 -1 0
3 6 -1 18 8 -1 20 -1 -1 2 -1 19 5 10 7 12 -1 9 15 -1 -1 16 21 13 14 4 17 11 0 -1 1
-1 4 -1 5 -1 -1 8 -1 -1 11 -1 10 12 1 -1 3 -1 2 -1 -1 -1 9 -1 -1 -1 6 -1 -1 7 -1 0
