30
3
A O B O O O A A O A B AB O A B A O A A A O A A B O O B A O O
A A O O B AB O O A O AB O A O O O O A O O O O A A O AB A O A A
A O B
0 1 2 3 6 7 8 9 11 12 13 14 15 16 17 18 19 20 21 22 23 24 26 27 28 29
2 3 6 7 9 11 13 14 15 16 18 19 20 21 24 27
2 3 4 6 7 9 11 13 14 15 16 18 19 20 21 24 27
2 3 6 7 9 11 13 14 15 16 18 19 20 21 24 27
2 3 6 7 9 11 13 14 15 16 18 19 20 21 24 27
2 3 6 7 9 11 13 14 15 16 18 19 20 21 24 27
0 1 2 3 6 7 8 9 11 12 13 14 15 16 17 18 19 20 21 22 23 24 26 27 28 29
0 1 2 3 6 7 8 9 11 12 13 14 15 16 17 18 19 20 21 22 23 24 26 27 28 29
2 3 6 7 9 11 13 14 15 16 18 19 20 21 24 27
0 1 2 3 6 7 8 9 11 12 13 14 15 16 17 18 19 20 21 22 23 24 26 27 28 29
2 3 4 6 7 9 11 13 14 15 16 18 19 20 21 24 27
0 1 2 3 4 5 6 7 8 9 10 11 12 13 14 15 16 17 18 19 20 21 22 23 24 25 26 27 28 29
2 3 6 7 9 11 13 14 15 16 18 19 20 21 24 27
0 1 2 3 6 7 8 9 11 12 13 14 15 16 17 18 19 20 21 22 23 24 26 27 28 29
2 3 4 6 7 9 11 13 14 15 16 18 19 20 21 24 27
0 1 2 3 6 7 8 9 11 12 13 14 15 16 17 18 19 20 21 22 23 24 26 27 28 29
2 3 6 7 9 11 13 14 15 16 18 19 20 21 24 27
0 1 2 3 6 7 8 9 11 12 13 14 15 16 17 18 19 20 21 22 23 24 26 27 28 29
0 1 2 3 6 7 8 9 11 12 13 14 15 16 17 18 19 20 21 22 23 24 26 27 28 29
0 1 2 3 6 7 8 9 11 12 13 14 15 16 17 18 19 20 21 22 23 24 26 27 28 29
2 3 6 7 9 11 13 14 15 16 18 19 20 21 24 27
0 1 2 3 6 7 8 9 11 12 13 14 15 16 17 18 19 20 21 22 23 24 26 27 28 29
0 1 2 3 6 7 8 9 11 12 13 14 15 16 17 18 19 20 21 22 23 24 26 27 28 29
2 3 4 6 7 9 11 13 14 15 16 18 19 20 21 24 27
2 3 6 7 9 11 13 14 15 16 18 19 20 21 24 27
2 3 6 7 9 11 13 14 15 16 18 19 20 21 24 27
2 3 4 6 7 9 11 13 14 15 16 18 19 20 21 24 27
0 1 2 3 6 7 8 9 11 12 13 14 15 16 17 18 19 20 21 22 23 24 26 27 28 29
2 3 6 7 9 11 13 14 15 16 18 19 20 21 24 27
2 3 6 7 9 11 13 14 15 16 18 19 20 21 24 27
1 17 19 11 -1 -1 18 26 15 20 -1 3 13 7 16 21 24 10 14 22 8 5 25 2 12 -1 23 6 4 9 0
-1 -1 4 2 -1 -1 6 10 -1 14 -1 15 -1 13 9 1 5 -1 7 3 8 12 -1 -1 16 -1 -1 11 -1 -1 0
-1 -1 0 15 4 -1 5 17 -1 10 -1 13 -1 9 8 2 12 -1 11 6 7 16 -1 -1 14 -1 -1 3 -1 -1 1
-1 -1 11 0 -1 -1 8 2 -1 12 -1 10 -1 6 7 3 4 -1 13 9 14 15 -1 -1 5 -1 -1 16 -1 -1 1
-1 -1 7 12 -1 -1 2 5 -1 14 -1 3 -1 11 13 10 9 -1 6 4 1 15 -1 -1 16 -1 -1 8 -1 -1 0
-1 -1 8 16 -1 -1 4 10 -1 3 -1 13 -1 15 12 14 1 -1 9 7 6 5 -1 -1 2 -1 -1 11 -1 -1 0
20 8 10 19 -1 -1 1 24 2 25 -1 21 4 6 16 26 9 5 14 15 18 7 3 11 13 -1 22 23 17 12 0
2 15 3 21 -1 -1 20 0 9 10 -1 18 13 17 22 11 25 6 14 5 7 8 4 16 24 -1 12 23 26 19 1
-1 -1 8 7 -1 -1 12 2 -1 3 -1 6 -1 1 16 13 15 -1 4 14 11 9 -1 -1 10 -1 -1 5 -1 -1 0
25 2 14 24 -1 -1 19 16 15 1 -1 10 13 7 5 23 26 8 17 22 21 9 12 4 11 -1 6 20 3 18 0
-1 -1 12 2 5 -1 4 3 -1 11 -1 15 -1 13 1 10 16 -1 8 17 6 7 -1 -1 9 -1 -1 14 -1 -1 0
19 13 5 16 29 25 2 3 22 6 27 1 21 15 4 11 23 10 28 26 9 20 14 7 17 12 24 30 8 18 0
-1 -1 15 4 -1 -1 11 6 -1 7 -1 13 -1 12 1 8 2 -1 5 16 3 10 -1 -1 9 -1 -1 14 -1 -1 0
14 7 2 19 -1 -1 24 15 9 18 -1 25 17 0 11 21 13 10 23 6 26 4 12 3 5 -1 22 8 20 16 1
-1 -1 17 6 2 -1 13 12 -1 4 -1 11 -1 15 0 14 5 -1 16 8 9 3 -1 -1 7 -1 -1 10 -1 -1 1
24 25 20 13 -1 -1 5 6 22 26 -1 14 19 23 7 1 10 8 9 2 16 3 4 11 17 -1 18 12 15 21 0
-1 -1 8 15 -1 -1 16 12 -1 3 -1 13 -1 5 4 10 1 -1 7 2 9 11 -1 -1 14 -1 -1 6 -1 -1 0
25 16 6 7 -1 -1 17 19 12 9 -1 21 4 23 20 18 3 0 8 5 13 24 14 22 10 -1 26 11 2 15 1
13 23 21 7 -1 -1 4 25 15 20 -1 16 17 6 26 3 2 11 0 18 14 10 5 19 8 -1 12 22 9 24 1
26 9 12 2 -1 -1 14 7 19 21 -1 24 6 8 4 23 3 13 17 1 10 16 25 15 20 -1 18 22 11 5 0
-1 -1 2 4 -1 -1 11 5 -1 10 -1 12 -1 8 6 14 15 -1 3 16 0 13 -1 -1 7 -1 -1 9 -1 -1 1
25 11 14 23 -1 -1 21 22 5 19 -1 3 18 20 6 8 24 16 9 10 26 0 17 7 13 -1 12 15 4 2 1
16 2 8 9 -1 -1 15 4 12 3 -1 5 6 24 18 7 20 10 25 26 11 13 1 21 17 -1 22 19 14 23 0
-1 -1 15 16 11 -1 9 14 -1 1 -1 4 -1 8 12 17 13 -1 3 10 7 2 -1 -1 6 -1 -1 5 -1 -1 0
-1 -1 5 4 -1 -1 8 6 -1 14 -1 3 -1 2 10 16 13 -1 11 15 12 7 -1 -1 0 -1 -1 9 -1 -1 1
-1 -1 10 16 -1 -1 3 13 -1 11 -1 12 -1 7 6 15 1 -1 9 4 14 8 -1 -1 5 -1 -1 2 -1 -1 0
-1 -1 11 4 10 -1 7 13 -1 15 -1 9 -1 14 8 3 12 -1 6 5 16 2 -1 -1 1 -1 -1 17 -1 -1 0
26 24 11 18 -1 -1 16 19 22 9 -1 8 17 25 4 3 6 7 2 20 15 5 12 21 14 -1 23 0 13 10 1
-1 -1 4 12 -1 -1 16 14 -1 7 -1 11 -1 1 2 10 3 -1 13 8 9 15 -1 -1 5 -1 -1 6 -1 -1 0
-1 -1 15 12 -1 -1 13 14 -1 9 -1 10 -1 4 6 5 3 -1 7 1 2 16 -1 -1 8 -1 -1 11 -1 -1 0
