30
3
A O O AB A AB A O A O O A A A O B O A B O A O A A B B A A B B
A O O A O O A B AB O O A O A AB O O O A A A B A O O B O O O O
A O B
0 1 2 3 4 5 6 9 10 11 12 13 15 16 17 18 19 20 22 23 24 26 27 28 29
1 2 4 5 9 10 12 15 16 17 23 24 26 27 28 29
1 2 4 5 9 10 12 15 16 17 23 24 26 27 28 29
0 1 2 3 4 5 6 7 8 9 10 11 12 13 14 15 16 17 18 19 20 21 22 23 24 25 26 27 28 29
0 1 2 3 4 5 6 9 10 11 12 13 15 16 17 18 19 20 22 23 24 26 27 28 29
0 1 2 3 4 5 6 7 8 9 10 11 12 13 14 15 16 17 18 19 20 21 22 23 24 25 26 27 28 29
0 1 2 3 4 5 6 9 10 11 12 13 15 16 17 18 19 20 22 23 24 26 27 28 29
1 2 4 5 9 10 12 15 16 17 23 24 26 27 28 29
0 1 2 3 4 5 6 9 10 11 12 13 15 16 17 18 19 20 22 23 24 26 27 28 29
1 2 4 5 9 10 12 15 16 17 23 24 26 27 28 29
1 2 4 5 9 10 12 15 16 17 23 24 26 27 28 29
0 1 2 3 4 5 6 9 10 11 12 13 15 16 17 18 19 20 22 23 24 26 27 28 29
0 1 2 3 4 5 6 9 10 11 12 13 15 16 17 18 19 20 22 23 24 26 27 28 29
0 1 2 3 4 5 6 9 10 11 12 13 15 16 17 18 19 20 22 23 24 26 27 28 29
1 2 4 5 9 10 12 15 16 17 23 24 26 27 28 29
1 2 4 5 7 9 10 12 15 16 17 21 23 24 25 26 27 28 29
1 2 4 5 9 10 12 15 16 17 23 24 26 27 28 29
0 1 2 3 4 5 6 9 10 11 12 13 15 16 17 18 19 20 22 23 24 26 27 28 29
1 2 4 5 7 9 10 12 15 16 17 21 23 24 25 26 27 28 29
1 2 4 5 9 10 12 15 16 17 23 24 26 27 28 29
0 1 2 3 4 5 6 9 10 11 12 13 15 16 17 18 19 20 22 23 24 26 27 28 29
1 2 4 5 9 10 12 15 16 17 23 24 26 27 28 29
0 1 2 3 4 5 6 9 10 11 12 13 15 16 17 18 19 20 22 23 24 26 27 28 29
0 1 2 3 4 5 6 9 10 11 12 13 15 16 17 18 19 20 22 23 24 26 27 28 29
1 2 4 5 7 9 10 12 15 16 17 21 23 24 25 26 27 28 29
1 2 4 5 7 9 10 12 15 16 17 21 23 24 25 26 27 28 29
0 1 2 3 4 5 6 9 10 11 12 13 15 16 17 18 19 20 22 23 24 26 27 28 29
0 1 2 3 4 5 6 9 10 11 12 13 15 16 17 18 19 20 22 23 24 26 27 28 29
1 2 4 5 7 9 10 12 15 16 17 21 23 24 25 26 27 28 29
1 2 4 5 7 9 10 12 15 16 17 21 23 24 25 26 27 28 29
1 10 7 11 3 13 12 -1 -1 2 24 6 14 15 -1 19 16 21 22 20 9 -1 17 4 23 -1 25 5 18 8 0
-1 10 5 -1 11 13 -1 -1 -1 1 3 -1 2 -1 -1 7 12 15 -1 -1 -1 -1 -1 16 4 -1 8 6 14 9 0
-1 15 8 -1 12 2 -1 -1 -1 14 7 -1 4 -1 -1 1 13 10 -1 -1 -1 -1 -1 5 3 -1 11 16 9 6 0
21 16 17 8 14 25 26 15 13 12 19 18 7 3 27 20 22 9 29 6 11 1 5 4 10 28 30 24 23 2 0
14 3 25 18 5 4 21 -1 -1 2 24 7 1 11 -1 8 16 12 17 6 23 -1 13 20 9 -1 19 15 22 10 0
15 8 4 18 24 13 11 20 3 17 28 19 6 1 30 29 22 5 16 12 21 27 9 26 14 25 2 10 23 7 0
15 11 23 9 12 6 10 -1 -1 16 18 7 20 3 -1 22 24 8 5 19 13 -1 25 21 4 -1 14 2 1 17 0
-1 3 8 -1 10 9 -1 0 -1 5 2 -1 4 -1 -1 17 11 14 -1 -1 -1 -1 -1 7 6 -1 12 13 16 15 1
19 22 13 16 25 4 20 -1 1 15 21 14 2 26 -1 23 18 24 7 11 6 -1 12 10 17 -1 9 5 8 3 0
-1 11 1 -1 14 15 -1 -1 -1 9 3 -1 8 -1 -1 4 10 6 -1 -1 -1 -1 -1 5 7 -1 2 13 16 12 0
-1 8 6 -1 14 7 -1 -1 -1 4 1 -1 10 -1 -1 2 16 12 -1 -1 -1 -1 -1 3 5 -1 11 15 13 9 0
19 18 22 24 5 1 17 -1 -1 2 23 10 8 15 -1 25 7 11 4 14 3 -1 9 12 16 -1 13 21 20 6 0
21 6 23 1 7 12 5 -1 -1 17 19 16 13 11 -1 9 10 15 8 2 3 -1 22 4 25 -1 14 18 24 20 0
16 24 4 9 3 17 15 -1 -1 2 7 20 12 5 -1 25 8 19 6 21 22 -1 13 10 23 -1 18 14 1 11 0
-1 3 11 -1 17 7 -1 -1 -1 4 16 -1 5 -1 1 12 14 13 -1 -1 -1 -1 -1 15 8 -1 2 9 6 10 0
-1 19 1 -1 9 14 -1 10 -1 16 7 -1 8 -1 -1 6 4 13 -1 -1 -1 18 -1 2 12 17 15 5 11 3 0
-1 12 8 -1 14 10 -1 -1 -1 9 1 -1 16 -1 -1 3 11 5 -1 -1 -1 -1 -1 2 6 -1 7 13 15 4 0
8 24 9 18 17 11 23 -1 -1 1 15 7 3 20 -1 16 2 5 12 4 22 -1 10 6 19 -1 13 25 14 21 0
-1 4 13 -1 2 3 -1 5 -1 17 6 -1 16 -1 -1 11 8 15 1 -1 -1 18 -1 7 14 19 9 12 10 20 0
-1 2 6 -1 13 3 -1 -1 -1 14 8 -1 16 -1 -1 10 4 15 -1 0 -1 -1 -1 17 12 -1 5 7 11 9 1
23 18 13 14 3 7 1 -1 -1 11 4 19 6 12 -1 5 21 20 24 10 16 -1 2 25 22 -1 17 8 9 15 0
-1 6 8 -1 11 3 -1 -1 -1 14 13 -1 9 -1 -1 4 16 15 -1 -1 -1 0 -1 17 7 -1 10 12 2 5 1
14 15 2 23 4 11 21 -1 -1 25 13 12 16 19 -1 7 22 6 1 20 18 -1 5 3 9 -1 8 17 24 10 0
7 4 1 17 25 23 2 -1 -1 19 22 12 5 8 -1 15 16 21 11 18 9 -1 6 20 13 -1 3 14 24 10 0
-1 10 5 -1 19 2 -1 13 -1 1 9 -1 8 -1 -1 17 11 7 -1 -1 -1 18 -1 12 3 15 14 16 6 4 0
-1 3 16 -1 18 11 -1 8 -1 17 10 -1 2 -1 -1 19 5 14 -1 -1 -1 9 -1 15 12 7 6 4 1 13 0
25 16 24 15 3 6 5 -1 -1 7 11 18 1 2 -1 19 17 23 20 12 8 -1 4 22 13 -1 21 10 14 9 0
24 13 12 22 23 21 6 -1 -1 5 10 25 20 1 -1 7 14 8 2 17 11 -1 16 15 19 -1 3 18 4 9 0
-1 12 14 -1 19 3 -1 9 -1 6 7 -1 8 -1 -1 2 18 15 -1 -1 -1 5 -1 11 4 1 13 16 10 17 0
-1 10 4 -1 15 12 -1 9 -1 5 13 -1 2 -1 -1 6 11 3 -1 -1 -1 16 -1 1 19 7 18 17 8 14 0
