30
3
O O O A O O O A O O O A A B A A A O O O O A A B O A A B B O
A A A O O O O A AB O O B AB A AB O O A B O O O A O O O O A O B
A B B
3 4 5 6 9 10 15 16 19 20 21 23 24 25 26 28
3 4 5 6 9 10 15 16 19 20 21 23 24 25 26 28
3 4 5 6 9 10 15 16 19 20 21 23 24 25 26 28
0 1 2 3 4 5 6 7 9 10 13 15 16 17 19 20 21 22 23 24 25 26 27 28
3 4 5 6 9 10 15 16 19 20 21 23 24 25 26 28
3 4 5 6 9 10 15 16 19 20 21 23 24 25 26 28
3 4 5 6 9 10 15 16 19 20 21 23 24 25 26 28
0 1 2 3 4 5 6 7 9 10 13 15 16 17 19 20 21 22 23 24 25 26 27 28
3 4 5 6 9 10 15 16 19 20 21 23 24 25 26 28
3 4 5 6 9 10 15 16 19 20 21 23 24 25 26 28
3 4 5 6 9 10 15 16 19 20 21 23 24 25 26 28
0 1 2 3 4 5 6 7 9 10 13 15 16 17 19 20 21 22 23 24 25 26 27 28
0 1 2 3 4 5 6 7 9 10 13 15 16 17 19 20 21 22 23 24 25 26 27 28
3 4 5 6 9 10 11 15 16 18 19 20 21 23 24 25 26 28 29
0 1 2 3 4 5 6 7 9 10 13 15 16 17 19 20 21 22 23 24 25 26 27 28
0 1 2 3 4 5 6 7 9 10 13 15 16 17 19 20 21 22 23 24 25 26 27 28
0 1 2 3 4 5 6 7 9 10 13 15 16 17 19 20 21 22 23 24 25 26 27 28
3 4 5 6 9 10 15 16 19 20 21 23 24 25 26 28
3 4 5 6 9 10 15 16 19 20 21 23 24 25 26 28
3 4 5 6 9 10 15 16 19 20 21 23 24 25 26 28
3 4 5 6 9 10 15 16 19 20 21 23 24 25 26 28
0 1 2 3 4 5 6 7 9 10 13 15 16 17 19 20 21 22 23 24 25 26 27 28
0 1 2 3 4 5 6 7 9 10 13 15 16 17 19 20 21 22 23 24 25 26 27 28
3 4 5 6 9 10 11 15 16 18 19 20 21 23 24 25 26 28 29
3 4 5 6 9 10 15 16 19 20 21 23 24 25 26 28
0 1 2 3 4 5 6 7 9 10 13 15 16 17 19 20 21 22 23 24 25 26 27 28
0 1 2 3 4 5 6 7 9 10 13 15 16 17 19 20 21 22 23 24 25 26 27 28
3 4 5 6 9 10 11 15 16 18 19 20 21 23 24 25 26 28 29
3 4 5 6 9 10 11 15 16 18 19 20 21 23 24 25 26 28 29
3 4 5 6 9 10 15 16 19 20 21 23 24 25 26 28
-1 -1 -1 13 16 4 1 -1 -1 12 9 -1 -1 -1 -1 7 11 -1 -1 8 15 2 -1 10 3 6 5 -1 14 -1 0
-1 -1 -1 9 3 13 11 -1 -1 5 10 -1 -1 -1 -1 1 16 -1 -1 15 6 7 -1 12 2 4 8 -1 14 -1 0
-1 -1 -1 6 16 14 5 -1 -1 8 9 -1 -1 -1 -1 12 11 -1 -1 4 3 13 -1 15 2 10 7 -1 1 -1 0
6 21 20 1 5 13 9 16 -1 24 18 -1 -1 8 -1 22 3 23 -1 15 7 4 11 19 2 14 12 17 10 -1 0
-1 -1 -1 2 0 9 4 -1 -1 15 10 -1 -1 -1 -1 7 5 -1 -1 14 3 13 -1 16 11 8 6 -1 12 -1 1
-1 -1 -1 16 12 1 5 -1 -1 8 14 -1 -1 -1 -1 7 15 -1 -1 4 9 6 -1 2 3 13 11 -1 10 -1 0
-1 -1 -1 3 4 11 0 -1 -1 9 10 -1 -1 -1 -1 14 15 -1 -1 7 2 6 -1 13 16 5 8 -1 12 -1 1
12 17 20 10 21 24 4 0 -1 7 13 -1 -1 16 -1 9 23 18 -1 8 3 14 19 11 6 2 5 15 22 -1 1
-1 -1 -1 11 16 4 15 -1 -1 13 1 -1 -1 -1 -1 2 8 -1 -1 7 12 9 -1 5 10 14 6 -1 3 -1 0
-1 -1 -1 8 9 7 5 -1 -1 1 16 -1 -1 -1 -1 12 11 -1 -1 3 6 4 -1 2 14 13 10 -1 15 -1 0
-1 -1 -1 10 14 15 7 -1 -1 5 1 -1 -1 -1 -1 9 13 -1 -1 16 3 8 -1 2 12 11 4 -1 6 -1 0
12 21 2 22 15 11 19 3 -1 17 24 -1 -1 9 -1 5 23 1 -1 6 10 13 20 7 18 4 8 14 16 -1 0
5 21 14 6 1 10 24 9 -1 19 2 -1 -1 4 -1 18 15 11 -1 12 7 17 16 3 8 13 23 22 20 -1 0
-1 -1 -1 14 2 12 3 -1 -1 7 8 18 -1 -1 -1 16 1 -1 5 11 19 15 -1 13 9 10 4 -1 6 17 0
3 9 21 12 11 4 6 15 -1 19 13 -1 -1 8 -1 20 16 23 -1 10 1 5 17 18 7 22 14 2 24 -1 0
21 5 9 15 22 14 6 19 -1 17 3 -1 -1 20 -1 1 10 12 -1 13 2 7 4 8 16 18 24 11 23 -1 0
15 13 12 4 8 21 22 9 -1 23 16 -1 -1 7 -1 24 1 17 -1 5 11 10 3 14 20 18 2 6 19 -1 0
-1 -1 -1 11 12 6 5 -1 -1 3 16 -1 -1 -1 -1 13 7 -1 -1 9 14 4 -1 2 15 8 1 -1 10 -1 0
-1 -1 -1 2 16 12 14 -1 -1 5 4 -1 -1 -1 -1 11 13 -1 -1 7 15 9 -1 1 3 6 10 -1 8 -1 0
-1 -1 -1 9 13 15 10 -1 -1 8 11 -1 -1 -1 -1 4 5 -1 -1 0 7 2 -1 12 14 16 6 -1 3 -1 1
-1 -1 -1 16 13 2 14 -1 -1 7 11 -1 -1 -1 -1 10 6 -1 -1 9 1 4 -1 3 15 12 8 -1 5 -1 0
11 5 6 7 21 18 3 24 -1 4 16 -1 -1 8 -1 2 23 12 -1 19 17 0 15 9 14 13 10 22 20 -1 1
18 24 6 10 8 21 13 4 -1 7 19 -1 -1 14 -1 22 20 2 -1 12 17 15 1 23 3 9 11 16 5 -1 0
-1 -1 -1 18 2 15 8 -1 -1 3 5 9 -1 -1 -1 7 13 -1 6 17 19 12 -1 1 16 11 10 -1 14 4 0
-1 -1 -1 2 10 4 8 -1 -1 5 7 -1 -1 -1 -1 11 3 -1 -1 9 16 12 -1 13 1 15 6 -1 14 -1 0
20 14 21 6 2 17 15 5 -1 11 23 -1 -1 13 -1 3 18 10 -1 19 16 12 4 24 7 1 9 22 8 -1 0
6 9 15 18 2 3 10 24 -1 14 4 -1 -1 22 -1 13 11 23 -1 19 21 17 16 20 7 8 1 5 12 -1 0
-1 -1 -1 10 6 8 1 -1 -1 7 9 4 -1 -1 -1 13 15 -1 3 18 17 11 -1 19 2 16 5 -1 14 12 0
-1 -1 -1 11 19 8 10 -1 -1 5 16 13 -1 -1 -1 4 17 -1 18 6 14 15 -1 12 2 9 7 -1 1 3 0
-1 -1 -1 16 13 10 1 -1 -1 2 11 -1 -1 -1 -1 6 4 -1 -1 12 5 9 -1 7 15 3 8 -1 14 -1 0
