30
3
O A B O O O O O A A AB A O A O O A A A A O O A B A O O O O O
B O O A AB A O A B A A A O O O A A A A B O A A A O O A A A A
A A A
1 2 6 12 13 14 20 24 25
1 2 3 5 6 7 9 10 11 12 13 14 15 16 17 18 20 21 22 23 24 25 26 27 28 29
0 1 2 6 8 12 13 14 19 20 24 25
1 2 6 12 13 14 20 24 25
1 2 6 12 13 14 20 24 25
1 2 6 12 13 14 20 24 25
1 2 6 12 13 14 20 24 25
1 2 6 12 13 14 20 24 25
1 2 3 5 6 7 9 10 11 12 13 14 15 16 17 18 20 21 22 23 24 25 26 27 28 29
1 2 3 5 6 7 9 10 11 12 13 14 15 16 17 18 20 21 22 23 24 25 26 27 28 29
0 1 2 3 4 5 6 7 8 9 10 11 12 13 14 15 16 17 18 19 20 21 22 23 24 25 26 27 28 29
1 2 3 5 6 7 9 10 11 12 13 14 15 16 17 18 20 21 22 23 24 25 26 27 28 29
1 2 6 12 13 14 20 24 25
1 2 3 5 6 7 9 10 11 12 13 14 15 16 17 18 20 21 22 23 24 25 26 27 28 29
1 2 6 12 13 14 20 24 25
1 2 6 12 13 14 20 24 25
1 2 3 5 6 7 9 10 11 12 13 14 15 16 17 18 20 21 22 23 24 25 26 27 28 29
1 2 3 5 6 7 9 10 11 12 13 14 15 16 17 18 20 21 22 23 24 25 26 27 28 29
1 2 3 5 6 7 9 10 11 12 13 14 15 16 17 18 20 21 22 23 24 25 26 27 28 29
1 2 3 5 6 7 9 10 11 12 13 14 15 16 17 18 20 21 22 23 24 25 26 27 28 29
1 2 6 12 13 14 20 24 25
1 2 6 12 13 14 20 24 25
1 2 3 5 6 7 9 10 11 12 13 14 15 16 17 18 20 21 22 23 24 25 26 27 28 29
0 1 2 6 8 12 13 14 19 20 24 25
1 2 3 5 6 7 9 10 11 12 13 14 15 16 17 18 20 21 22 23 24 25 26 27 28 29
1 2 6 12 13 14 20 24 25
1 2 6 12 13 14 20 24 25
1 2 6 12 13 14 20 24 25
1 2 6 12 13 14 20 24 25
1 2 6 12 13 14 20 24 25
-1 4 3 -1 -1 -1 1 -1 -1 -1 -1 -1 6 7 8 -1 -1 -1 -1 -1 9 -1 -1 -1 2 5 -1 -1 -1 -1 0
-1 0 3 13 -1 8 5 12 -1 14 20 10 22 9 18 6 11 24 4 -1 15 25 2 16 21 26 17 23 7 19 1
8 9 1 -1 -1 -1 5 -1 11 -1 -1 -1 12 7 4 -1 -1 -1 -1 3 6 -1 -1 -1 10 2 -1 -1 -1 -1 0
-1 5 4 -1 -1 -1 3 -1 -1 -1 -1 -1 9 6 1 -1 -1 -1 -1 -1 8 -1 -1 -1 7 2 -1 -1 -1 -1 0
-1 6 4 -1 -1 -1 3 -1 -1 -1 -1 -1 5 7 9 -1 -1 -1 -1 -1 2 -1 -1 -1 1 8 -1 -1 -1 -1 0
-1 1 6 -1 -1 -1 5 -1 -1 -1 -1 -1 7 4 8 -1 -1 -1 -1 -1 2 -1 -1 -1 3 9 -1 -1 -1 -1 0
-1 3 2 -1 -1 -1 0 -1 -1 -1 -1 -1 6 4 9 -1 -1 -1 -1 -1 7 -1 -1 -1 8 5 -1 -1 -1 -1 1
-1 5 2 -1 -1 -1 4 -1 -1 -1 -1 -1 3 7 6 -1 -1 -1 -1 -1 9 -1 -1 -1 1 8 -1 -1 -1 -1 0
-1 18 16 26 -1 9 3 13 -1 4 7 24 14 19 10 1 12 17 23 -1 15 6 11 8 25 2 5 20 21 22 0
-1 18 16 26 -1 5 3 2 -1 1 15 12 24 10 7 14 20 9 17 -1 22 4 13 19 11 8 21 23 6 25 0
8 9 18 2 28 5 16 13 15 3 1 11 17 12 22 27 30 7 25 20 6 10 26 23 21 19 29 14 4 24 0
-1 16 17 18 -1 11 8 25 -1 20 14 1 22 23 12 15 26 10 5 -1 19 6 7 4 24 2 9 3 21 13 0
-1 4 2 -1 -1 -1 5 -1 -1 -1 -1 -1 0 7 6 -1 -1 -1 -1 -1 9 -1 -1 -1 3 8 -1 -1 -1 -1 1
-1 9 25 26 -1 8 6 13 -1 12 14 7 24 0 11 16 4 22 17 -1 2 21 3 5 19 20 18 15 10 23 1
-1 3 9 -1 -1 -1 4 -1 -1 -1 -1 -1 7 8 0 -1 -1 -1 -1 -1 5 -1 -1 -1 2 6 -1 -1 -1 -1 1
-1 6 9 -1 -1 -1 7 -1 -1 -1 -1 -1 8 4 5 -1 -1 -1 -1 -1 1 -1 -1 -1 3 2 -1 -1 -1 -1 0
-1 15 19 12 -1 21 8 3 -1 25 10 18 17 6 22 11 0 20 24 -1 14 5 7 26 13 2 16 23 9 4 1
-1 23 7 19 -1 3 11 10 -1 14 21 26 8 20 22 5 18 1 12 -1 16 2 4 17 25 6 24 9 13 15 0
-1 20 18 10 -1 2 21 17 -1 12 3 16 13 8 11 4 24 26 0 -1 5 23 7 15 19 25 9 6 22 14 1
-1 13 23 7 -1 5 1 19 -1 10 15 2 18 3 11 6 17 16 25 -1 14 8 22 20 24 26 9 21 12 4 0
-1 3 9 -1 -1 -1 7 -1 -1 -1 -1 -1 4 2 8 -1 -1 -1 -1 -1 0 -1 -1 -1 6 5 -1 -1 -1 -1 1
-1 1 8 -1 -1 -1 3 -1 -1 -1 -1 -1 2 6 5 -1 -1 -1 -1 -1 9 -1 -1 -1 4 7 -1 -1 -1 -1 0
-1 16 13 4 -1 3 20 25 -1 22 24 21 6 23 15 9 19 26 17 -1 7 10 0 14 18 5 12 11 2 8 1
1 3 7 -1 -1 -1 8 -1 4 -1 -1 -1 12 5 6 -1 -1 -1 -1 9 11 -1 -1 -1 10 2 -1 -1 -1 -1 0
-1 21 3 16 -1 23 8 17 -1 4 9 10 2 14 18 20 26 7 22 -1 5 19 15 24 1 12 13 25 11 6 0
-1 6 2 -1 -1 -1 4 -1 -1 -1 -1 -1 8 7 5 -1 -1 -1 -1 -1 9 -1 -1 -1 3 0 -1 -1 -1 -1 1
-1 4 5 -1 -1 -1 1 -1 -1 -1 -1 -1 7 9 6 -1 -1 -1 -1 -1 3 -1 -1 -1 2 8 -1 -1 -1 -1 0
-1 5 8 -1 -1 -1 4 -1 -1 -1 -1 -1 9 2 7 -1 -1 -1 -1 -1 3 -1 -1 -1 1 6 -1 -1 -1 -1 0
-1 8 7 -1 -1 -1 5 -1 -1 -1 -1 -1 1 4 2 -1 -1 -1 -1 -1 6 -1 -1 -1 3 9 -1 -1 -1 -1 0
-1 3 7 -1 -1 -1 9 -1 -1 -1 -1 -1 8 4 1 -1 -1 -1 -1 -1 5 -1 -1 -1 2 6 -1 -1 -1 -1 0
