30
3
B A A A O A B O A O O O O A A A A O O A B AB O A AB O O A O O
B A B O O A O O O O A O O A B AB O O A O O A A A O AB A O B A
O A B
0 2 3 4 6 7 8 9 11 12 14 16 17 19 20 24 27 28
1 3 4 5 6 7 8 9 10 11 12 13 16 17 18 19 20 21 22 23 24 26 27 29
1 3 4 5 6 7 8 9 10 11 12 13 16 17 18 19 20 21 22 23 24 26 27 29
1 3 4 5 6 7 8 9 10 11 12 13 16 17 18 19 20 21 22 23 24 26 27 29
3 4 6 7 8 9 11 12 16 17 19 20 24 27
1 3 4 5 6 7 8 9 10 11 12 13 16 17 18 19 20 21 22 23 24 26 27 29
0 2 3 4 6 7 8 9 11 12 14 16 17 19 20 24 27 28
3 4 6 7 8 9 11 12 16 17 19 20 24 27
1 3 4 5 6 7 8 9 10 11 12 13 16 17 18 19 20 21 22 23 24 26 27 29
3 4 6 7 8 9 11 12 16 17 19 20 24 27
3 4 6 7 8 9 11 12 16 17 19 20 24 27
3 4 6 7 8 9 11 12 16 17 19 20 24 27
3 4 6 7 8 9 11 12 16 17 19 20 24 27
1 3 4 5 6 7 8 9 10 11 12 13 16 17 18 19 20 21 22 23 24 26 27 29
1 3 4 5 6 7 8 9 10 11 12 13 16 17 18 19 20 21 22 23 24 26 27 29
1 3 4 5 6 7 8 9 10 11 12 13 16 17 18 19 20 21 22 23 24 26 27 29
1 3 4 5 6 7 8 9 10 11 12 13 16 17 18 19 20 21 22 23 24 26 27 29
3 4 6 7 8 9 11 12 16 17 19 20 24 27
3 4 6 7 8 9 11 12 16 17 19 20 24 27
1 3 4 5 6 7 8 9 10 11 12 13 16 17 18 19 20 21 22 23 24 26 27 29
0 2 3 4 6 7 8 9 11 12 14 16 17 19 20 24 27 28
0 1 2 3 4 5 6 7 8 9 10 11 12 13 14 15 16 17 18 19 20 21 22 23 24 25 26 27 28 29
3 4 6 7 8 9 11 12 16 17 19 20 24 27
1 3 4 5 6 7 8 9 10 11 12 13 16 17 18 19 20 21 22 23 24 26 27 29
0 1 2 3 4 5 6 7 8 9 10 11 12 13 14 15 16 17 18 19 20 21 22 23 24 25 26 27 28 29
3 4 6 7 8 9 11 12 16 17 19 20 24 27
3 4 6 7 8 9 11 12 16 17 19 20 24 27
1 3 4 5 6 7 8 9 10 11 12 13 16 17 18 19 20 21 22 23 24 26 27 29
3 4 6 7 8 9 11 12 16 17 19 20 24 27
3 4 6 7 8 9 11 12 16 17 19 20 24 27
0 -1 14 11 17 -1 6 5 15 7 -1 9 13 -1 4 -1 2 18 -1 16 3 -1 -1 -1 12 -1 -1 10 8 -1 1
-1 1 -1 5 16 21 14 7 10 15 17 9 12 8 -1 -1 24 11 13 18 3 2 19 4 6 -1 22 20 -1 23 0
-1 10 -1 19 20 1 8 4 12 5 16 17 18 7 -1 -1 15 9 2 23 22 21 13 6 3 -1 14 24 -1 11 0
-1 12 -1 0 19 16 15 2 22 10 3 6 17 13 -1 -1 5 24 11 4 18 9 20 8 23 -1 14 21 -1 7 1
-1 -1 -1 7 1 -1 12 6 5 14 -1 8 11 -1 -1 -1 9 4 -1 13 3 -1 -1 -1 10 -1 -1 2 -1 -1 0
-1 8 -1 4 14 1 20 23 5 2 9 15 10 12 -1 -1 21 18 17 22 6 16 3 13 24 -1 7 19 -1 11 0
3 -1 5 4 18 -1 1 13 16 11 -1 12 17 -1 8 -1 9 14 -1 2 6 -1 -1 -1 7 -1 -1 15 10 -1 0
-1 -1 -1 11 2 -1 13 0 12 10 -1 14 6 -1 -1 -1 8 9 -1 3 4 -1 -1 -1 5 -1 -1 7 -1 -1 1
-1 16 -1 15 6 24 3 7 1 13 12 8 17 10 -1 -1 20 11 18 22 9 23 19 21 14 -1 5 2 -1 4 0
-1 -1 -1 14 11 -1 3 10 6 1 -1 13 4 -1 -1 -1 9 12 -1 8 7 -1 -1 -1 2 -1 -1 5 -1 -1 0
-1 -1 -1 7 6 -1 13 8 10 14 -1 4 9 -1 -1 -1 2 5 -1 3 11 -1 -1 -1 1 -1 -1 12 -1 -1 0
-1 -1 -1 14 4 -1 7 10 9 12 -1 0 6 -1 -1 -1 13 8 -1 3 5 -1 -1 -1 2 -1 -1 11 -1 -1 1
-1 -1 -1 11 9 -1 2 8 14 7 -1 13 0 -1 -1 -1 5 12 -1 10 3 -1 -1 -1 6 -1 -1 4 -1 -1 1
-1 20 -1 23 6 18 5 15 12 4 9 14 3 0 -1 -1 22 21 7 2 19 8 16 17 13 -1 10 24 -1 11 1
-1 24 -1 19 9 12 14 7 1 18 10 2 3 22 -1 -1 20 15 16 13 4 5 6 17 8 -1 23 11 -1 21 0
-1 22 -1 5 1 3 19 14 2 24 8 16 6 20 -1 -1 12 4 10 15 13 11 21 9 23 -1 7 17 -1 18 0
-1 16 -1 3 11 23 21 12 18 10 17 15 13 8 -1 -1 0 24 4 6 22 14 5 2 20 -1 7 9 -1 19 1
-1 -1 -1 3 12 -1 7 10 4 14 -1 13 11 -1 -1 -1 5 1 -1 6 9 -1 -1 -1 8 -1 -1 2 -1 -1 0
-1 -1 -1 10 14 -1 3 13 11 7 -1 6 8 -1 -1 -1 12 5 -1 2 4 -1 -1 -1 1 -1 -1 9 -1 -1 0
-1 8 -1 24 13 21 22 6 14 7 3 4 23 16 -1 -1 10 11 20 0 17 12 19 2 18 -1 5 15 -1 9 1
10 -1 2 17 6 -1 7 18 16 13 -1 9 5 -1 4 -1 8 12 -1 3 1 -1 -1 -1 11 -1 -1 15 14 -1 0
21 4 17 27 3 19 11 24 22 12 25 20 10 9 8 30 29 16 14 18 2 1 6 7 23 28 13 26 15 5 0
-1 -1 -1 10 7 -1 12 4 11 8 -1 6 5 -1 -1 -1 2 14 -1 13 1 -1 -1 -1 3 -1 -1 9 -1 -1 0
-1 23 -1 10 19 16 4 24 7 13 2 9 21 14 -1 -1 22 12 17 20 6 5 3 0 15 -1 18 11 -1 8 1
10 4 19 13 22 6 7 11 5 27 30 26 20 24 21 29 2 25 16 28 8 9 15 14 0 12 23 17 3 18 1
-1 -1 -1 3 11 -1 2 9 5 14 -1 10 7 -1 -1 -1 12 8 -1 6 13 -1 -1 -1 4 -1 -1 1 -1 -1 0
-1 -1 -1 3 6 -1 13 10 14 7 -1 2 11 -1 -1 -1 8 9 -1 1 5 -1 -1 -1 12 -1 -1 4 -1 -1 0
-1 17 -1 22 10 7 4 18 9 13 21 16 5 15 -1 -1 3 19 23 2 11 24 12 8 20 -1 6 1 -1 14 0
-1 -1 -1 14 7 -1 8 5 12 10 -1 1 13 -1 -1 -1 6 9 -1 4 2 -1 -1 -1 11 -1 -1 3 -1 -1 0
-1 -1 -1 6 11 -1 7 10 12 13 -1 1 8 -1 -1 -1 4 5 -1 14 9 -1 -1 -1 2 -1 -1 3 -1 -1 0
