30
3
O A A A O O AB A O O A A A A A O O O O A A O O A A O O O B O
O O A B AB A A A O A A A O A A A O A O A O O A A O A A B A A
O A A
0 1 8 12 16 18 20 21 24
0 1 2 5 6 7 8 9 10 11 12 13 14 15 16 17 18 19 20 21 22 23 24 25 26 28 29
0 1 2 5 6 7 8 9 10 11 12 13 14 15 16 17 18 19 20 21 22 23 24 25 26 28 29
0 1 2 5 6 7 8 9 10 11 12 13 14 15 16 17 18 19 20 21 22 23 24 25 26 28 29
0 1 8 12 16 18 20 21 24
0 1 8 12 16 18 20 21 24
0 1 2 3 4 5 6 7 8 9 10 11 12 13 14 15 16 17 18 19 20 21 22 23 24 25 26 27 28 29
0 1 2 5 6 7 8 9 10 11 12 13 14 15 16 17 18 19 20 21 22 23 24 25 26 28 29
0 1 8 12 16 18 20 21 24
0 1 8 12 16 18 20 21 24
0 1 2 5 6 7 8 9 10 11 12 13 14 15 16 17 18 19 20 21 22 23 24 25 26 28 29
0 1 2 5 6 7 8 9 10 11 12 13 14 15 16 17 18 19 20 21 22 23 24 25 26 28 29
0 1 2 5 6 7 8 9 10 11 12 13 14 15 16 17 18 19 20 21 22 23 24 25 26 28 29
0 1 2 5 6 7 8 9 10 11 12 13 14 15 16 17 18 19 20 21 22 23 24 25 26 28 29
0 1 2 5 6 7 8 9 10 11 12 13 14 15 16 17 18 19 20 21 22 23 24 25 26 28 29
0 1 8 12 16 18 20 21 24
0 1 8 12 16 18 20 21 24
0 1 8 12 16 18 20 21 24
0 1 8 12 16 18 20 21 24
0 1 2 5 6 7 8 9 10 11 12 13 14 15 16 17 18 19 20 21 22 23 24 25 26 28 29
0 1 2 5 6 7 8 9 10 11 12 13 14 15 16 17 18 19 20 21 22 23 24 25 26 28 29
0 1 8 12 16 18 20 21 24
0 1 8 12 16 18 20 21 24
0 1 2 5 6 7 8 9 10 11 12 13 14 15 16 17 18 19 20 21 22 23 24 25 26 28 29
0 1 2 5 6 7 8 9 10 11 12 13 14 15 16 17 18 19 20 21 22 23 24 25 26 28 29
0 1 8 12 16 18 20 21 24
0 1 8 12 16 18 20 21 24
0 1 8 12 16 18 20 21 24
0 1 3 8 12 16 18 20 21 24 27
0 1 8 12 16 18 20 21 24
6 1 -1 -1 -1 -1 -1 -1 5 -1 -1 -1 3 -1 -1 -1 8 -1 4 -1 7 9 -1 -1 2 -1 -1 -1 -1 -1 0
10 4 9 -1 -1 17 12 1 5 20 18 7 14 19 2 23 25 15 22 27 8 11 6 16 13 3 26 -1 24 21 0
20 2 11 -1 -1 12 19 18 4 6 1 25 7 13 14 24 21 10 9 5 15 17 8 26 22 23 3 -1 27 16 0
21 2 27 0 -1 25 26 17 20 18 13 5 7 14 24 4 15 3 16 9 28 22 19 10 12 11 23 -1 6 8 1
6 8 -1 -1 1 -1 -1 -1 7 -1 -1 -1 5 -1 -1 -1 10 -1 3 -1 4 9 -1 -1 2 -1 -1 -1 -1 -1 0
4 6 -1 -1 -1 1 -1 -1 7 -1 -1 -1 8 -1 -1 -1 9 -1 10 -1 2 5 -1 -1 3 -1 -1 -1 -1 -1 0
16 28 11 5 25 23 7 30 14 17 13 2 1 19 12 29 27 21 4 18 24 6 22 8 26 10 15 3 20 9 0
19 18 13 -1 -1 20 5 22 17 23 3 6 14 2 11 21 25 1 15 27 10 4 16 7 12 26 8 -1 9 24 0
7 9 -1 -1 -1 -1 -1 -1 4 -1 -1 -1 2 -1 -1 -1 3 -1 1 -1 5 8 -1 -1 6 -1 -1 -1 -1 -1 0
3 8 -1 -1 -1 -1 -1 -1 7 1 -1 -1 4 -1 -1 -1 6 -1 10 -1 2 9 -1 -1 5 -1 -1 -1 -1 -1 0
20 19 14 -1 -1 21 17 15 22 13 10 25 24 1 6 4 3 11 26 2 27 12 7 8 18 5 9 -1 23 16 0
10 22 4 -1 -1 11 7 16 3 21 25 27 6 14 5 26 13 19 18 2 9 20 1 15 8 12 23 -1 24 17 0
5 21 8 -1 -1 20 27 10 9 4 22 19 3 24 16 11 7 17 1 25 15 18 2 13 26 14 12 -1 6 23 0
26 25 19 -1 -1 17 15 8 7 18 13 9 2 20 5 22 21 1 3 4 12 23 27 24 10 16 6 -1 14 11 0
15 2 18 -1 -1 13 21 1 19 11 20 16 6 8 12 5 4 3 10 17 22 24 7 23 27 14 25 -1 9 26 0
4 7 -1 -1 -1 -1 -1 -1 6 -1 -1 -1 2 -1 -1 1 5 -1 9 -1 8 3 -1 -1 10 -1 -1 -1 -1 -1 0
5 6 -1 -1 -1 -1 -1 -1 8 -1 -1 -1 7 -1 -1 -1 2 -1 1 -1 4 9 -1 -1 3 -1 -1 -1 -1 -1 0
6 10 -1 -1 -1 -1 -1 -1 8 -1 -1 -1 4 -1 -1 -1 2 0 3 -1 5 9 -1 -1 7 -1 -1 -1 -1 -1 1
8 7 -1 -1 -1 -1 -1 -1 2 -1 -1 -1 3 -1 -1 -1 9 -1 1 -1 4 6 -1 -1 5 -1 -1 -1 -1 -1 0
6 20 9 -1 -1 8 24 10 11 5 22 25 19 18 12 4 2 27 1 21 15 17 7 26 3 14 13 -1 16 23 0
23 19 20 -1 -1 14 11 12 1 17 25 10 5 6 16 18 21 7 26 13 9 8 22 4 15 27 24 -1 2 3 0
6 2 -1 -1 -1 -1 -1 -1 3 -1 -1 -1 5 -1 -1 -1 4 -1 7 -1 1 9 -1 -1 8 -1 -1 -1 -1 -1 0
3 5 -1 -1 -1 -1 -1 -1 7 -1 -1 -1 6 -1 -1 -1 4 -1 9 -1 8 2 1 -1 10 -1 -1 -1 -1 -1 0
27 24 1 -1 -1 3 2 16 22 14 5 19 15 10 12 17 25 20 13 6 21 26 11 4 18 9 23 -1 8 7 0
17 12 10 -1 -1 24 6 4 1 27 5 8 19 2 14 9 3 21 26 20 23 18 15 16 11 13 22 -1 25 7 0
9 3 -1 -1 -1 -1 -1 -1 5 -1 -1 -1 6 -1 -1 -1 4 -1 10 -1 8 2 -1 -1 7 1 -1 -1 -1 -1 0
7 10 -1 -1 -1 -1 -1 -1 2 -1 -1 -1 4 -1 -1 -1 6 -1 8 -1 5 3 -1 -1 9 -1 1 -1 -1 -1 0
4 5 -1 -1 -1 -1 -1 -1 9 -1 -1 -1 10 -1 -1 -1 8 -1 3 -1 6 2 -1 -1 7 -1 -1 0 -1 -1 1
12 2 -1 10 -1 -1 -1 -1 3 -1 -1 -1 4 -1 -1 -1 5 -1 11 -1 6 7 -1 -1 9 -1 -1 8 0 -1 1
9 7 -1 -1 -1 -1 -1 -1 6 -1 -1 -1 3 -1 -1 -1 5 -1 2 -1 10 4 -1 -1 8 -1 -1 -1 -1 1 0
