30
3
A O O O O O A A A AB O A O A B A O A O A O O O B A O AB B A O
O B O O A A O A O O O A A O O B A O A A O AB O O A O O AB O O
A O A
0 2 3 4 5 6 7 8 9 10 11 12 13 14 16 17 18 19 20 22 23 24 25 26 28 29
0 2 3 6 8 9 10 13 14 17 20 22 23 25 26 28 29
0 2 3 6 8 9 10 13 14 17 20 22 23 25 26 28 29
0 2 3 6 8 9 10 13 14 17 20 22 23 25 26 28 29
0 2 3 6 8 9 10 13 14 17 20 22 23 25 26 28 29
0 2 3 6 8 9 10 13 14 17 20 22 23 25 26 28 29
0 2 3 4 5 6 7 8 9 10 11 12 13 14 16 17 18 19 20 22 23 24 25 26 28 29
0 2 3 4 5 6 7 8 9 10 11 12 13 14 16 17 18 19 20 22 23 24 25 26 28 29
0 2 3 4 5 6 7 8 9 10 11 12 13 14 16 17 18 19 20 22 23 24 25 26 28 29
0 1 2 3 4 5 6 7 8 9 10 11 12 13 14 15 16 17 18 19 20 21 22 23 24 25 26 27 28 29
0 2 3 6 8 9 10 13 14 17 20 22 23 25 26 28 29
0 2 3 4 5 6 7 8 9 10 11 12 13 14 16 17 18 19 20 22 23 24 25 26 28 29
0 2 3 6 8 9 10 13 14 17 20 22 23 25 26 28 29
0 2 3 4 5 6 7 8 9 10 11 12 13 14 16 17 18 19 20 22 23 24 25 26 28 29
0 1 2 3 6 8 9 10 13 14 15 17 20 22 23 25 26 28 29
0 2 3 4 5 6 7 8 9 10 11 12 13 14 16 17 18 19 20 22 23 24 25 26 28 29
0 2 3 6 8 9 10 13 14 17 20 22 23 25 26 28 29
0 2 3 4 5 6 7 8 9 10 11 12 13 14 16 17 18 19 20 22 23 24 25 26 28 29
0 2 3 6 8 9 10 13 14 17 20 22 23 25 26 28 29
0 2 3 4 5 6 7 8 9 10 11 12 13 14 16 17 18 19 20 22 23 24 25 26 28 29
0 2 3 6 8 9 10 13 14 17 20 22 23 25 26 28 29
0 2 3 6 8 9 10 13 14 17 20 22 23 25 26 28 29
0 2 3 6 8 9 10 13 14 17 20 22 23 25 26 28 29
0 1 2 3 6 8 9 10 13 14 15 17 20 22 23 25 26 28 29
0 2 3 4 5 6 7 8 9 10 11 12 13 14 16 17 18 19 20 22 23 24 25 26 28 29
0 2 3 6 8 9 10 13 14 17 20 22 23 25 26 28 29
0 1 2 3 4 5 6 7 8 9 10 11 12 13 14 15 16 17 18 19 20 21 22 23 24 25 26 27 28 29
0 1 2 3 6 8 9 10 13 14 15 17 20 22 23 25 26 28 29
0 2 3 4 5 6 7 8 9 10 11 12 13 14 16 17 18 19 20 22 23 24 25 26 28 29
0 2 3 6 8 9 10 13 14 17 20 22 23 25 26 28 29
1 -1 3 18 4 21 25 9 14 10 8 11 20 16 7 -1 15 19 2 5 17 -1 23 26 6 13 24 -1 12 22 0
2 -1 11 3 -1 -1 14 -1 1 12 15 -1 -1 13 7 -1 -1 9 -1 -1 16 -1 8 6 -1 4 5 -1 17 10 0
6 -1 0 10 -1 -1 16 -1 2 5 3 -1 -1 8 7 -1 -1 12 -1 -1 17 -1 14 15 -1 4 13 -1 11 9 1
17 -1 13 1 -1 -1 12 -1 14 6 16 -1 -1 5 3 -1 -1 2 -1 -1 15 -1 11 8 -1 7 9 -1 10 4 0
3 -1 12 6 -1 -1 16 -1 14 2 1 -1 -1 4 7 -1 -1 10 -1 -1 13 -1 5 17 -1 11 15 -1 8 9 0
4 -1 11 17 -1 -1 9 -1 10 14 1 -1 -1 16 6 -1 -1 8 -1 -1 13 -1 15 2 -1 5 3 -1 12 7 0
11 -1 26 16 9 13 1 3 22 18 21 12 14 24 23 -1 4 25 19 20 10 -1 5 2 15 17 8 -1 6 7 0
18 -1 17 16 4 14 15 1 22 3 8 7 20 21 2 -1 11 26 5 23 12 -1 25 24 19 13 10 -1 9 6 0
11 -1 20 5 7 9 12 23 1 18 21 25 17 24 19 -1 6 16 10 22 4 -1 3 26 15 2 8 -1 13 14 0
5 14 2 7 20 3 27 25 4 1 18 12 13 16 6 28 21 23 19 11 26 24 30 22 9 10 8 29 15 17 0
4 -1 16 9 -1 -1 17 -1 7 3 1 -1 -1 15 6 -1 -1 5 -1 -1 12 -1 10 13 -1 11 14 -1 8 2 0
12 -1 11 22 2 6 24 23 25 15 18 0 14 3 17 -1 26 21 9 10 4 -1 5 7 13 8 16 -1 20 19 1
1 -1 12 6 -1 -1 16 -1 15 14 10 -1 -1 9 8 -1 -1 11 -1 -1 5 -1 7 17 -1 3 4 -1 2 13 0
16 -1 18 20 19 9 11 7 13 22 26 8 4 1 12 -1 10 2 17 3 14 -1 23 24 25 5 21 -1 15 6 0
15 18 12 7 -1 -1 6 -1 11 8 3 -1 -1 2 0 4 -1 16 -1 -1 10 -1 13 19 -1 14 17 -1 5 9 1
17 -1 1 2 6 15 22 16 4 18 13 14 23 11 7 -1 19 12 10 20 24 -1 21 26 8 25 5 -1 9 3 0
11 -1 2 14 -1 -1 5 -1 15 8 12 -1 -1 3 1 -1 -1 7 -1 -1 10 -1 13 17 -1 4 16 -1 9 6 0
14 -1 18 23 2 11 8 20 4 22 9 26 7 12 19 -1 10 1 24 21 5 -1 6 3 17 16 25 -1 13 15 0
13 -1 11 2 -1 -1 4 -1 9 6 14 -1 -1 5 10 -1 -1 3 -1 -1 1 -1 17 16 -1 8 7 -1 12 15 0
2 -1 11 8 20 9 19 16 3 26 21 13 23 24 14 -1 18 12 4 1 7 -1 25 6 10 5 15 -1 17 22 0
5 -1 8 11 -1 -1 15 -1 2 16 3 -1 -1 10 12 -1 -1 9 -1 -1 1 -1 17 14 -1 6 7 -1 13 4 0
11 -1 6 10 -1 -1 3 -1 16 7 4 -1 -1 17 13 -1 -1 15 -1 -1 12 -1 5 8 -1 1 2 -1 9 14 0
4 -1 6 2 -1 -1 16 -1 10 15 3 -1 -1 11 5 -1 -1 13 -1 -1 9 -1 1 8 -1 12 14 -1 17 7 0
6 16 13 10 -1 -1 18 -1 12 14 17 -1 -1 15 19 5 -1 11 -1 -1 8 -1 9 0 -1 2 7 -1 3 4 1
12 -1 11 10 13 8 20 5 21 9 7 24 18 4 15 -1 19 16 23 14 17 -1 22 6 0 26 2 -1 25 3 1
12 -1 11 4 -1 -1 14 -1 13 7 9 -1 -1 15 8 -1 -1 5 -1 -1 6 -1 3 17 -1 1 16 -1 10 2 0
11 2 17 6 4 13 23 15 10 7 5 24 14 8 9 22 12 28 30 26 27 25 29 21 18 20 1 19 16 3 0
11 8 4 9 -1 -1 1 -1 10 2 17 -1 -1 7 3 14 -1 12 -1 -1 13 -1 19 6 -1 18 16 -1 15 5 0
6 -1 14 18 2 12 11 23 24 22 7 17 16 10 26 -1 15 20 8 5 3 -1 4 9 25 19 13 -1 1 21 0
11 -1 13 12 -1 -1 15 -1 4 8 14 -1 -1 6 5 -1 -1 2 -1 -1 3 -1 9 10 -1 17 16 -1 7 0 1
