30
3
O O A A B O B A A O O A AB B O AB O O A A A O A A A A O A AB O
B O O A A O B A A O O O A O O A A B A O O O B A A O O O O A
A A O
1 2 5 9 10 11 13 14 19 20 21 25 26 27 28
1 2 5 9 10 11 13 14 19 20 21 25 26 27 28
1 2 3 4 5 7 8 9 10 11 12 13 14 15 16 18 19 20 21 23 24 25 26 27 28 29
1 2 3 4 5 7 8 9 10 11 12 13 14 15 16 18 19 20 21 23 24 25 26 27 28 29
0 1 2 5 6 9 10 11 13 14 17 19 20 21 22 25 26 27 28
1 2 5 9 10 11 13 14 19 20 21 25 26 27 28
0 1 2 5 6 9 10 11 13 14 17 19 20 21 22 25 26 27 28
1 2 3 4 5 7 8 9 10 11 12 13 14 15 16 18 19 20 21 23 24 25 26 27 28 29
1 2 3 4 5 7 8 9 10 11 12 13 14 15 16 18 19 20 21 23 24 25 26 27 28 29
1 2 5 9 10 11 13 14 19 20 21 25 26 27 28
1 2 5 9 10 11 13 14 19 20 21 25 26 27 28
1 2 3 4 5 7 8 9 10 11 12 13 14 15 16 18 19 20 21 23 24 25 26 27 28 29
0 1 2 3 4 5 6 7 8 9 10 11 12 13 14 15 16 17 18 19 20 21 22 23 24 25 26 27 28 29
0 1 2 5 6 9 10 11 13 14 17 19 20 21 22 25 26 27 28
1 2 5 9 10 11 13 14 19 20 21 25 26 27 28
0 1 2 3 4 5 6 7 8 9 10 11 12 13 14 15 16 17 18 19 20 21 22 23 24 25 26 27 28 29
1 2 5 9 10 11 13 14 19 20 21 25 26 27 28
1 2 5 9 10 11 13 14 19 20 21 25 26 27 28
1 2 3 4 5 7 8 9 10 11 12 13 14 15 16 18 19 20 21 23 24 25 26 27 28 29
1 2 3 4 5 7 8 9 10 11 12 13 14 15 16 18 19 20 21 23 24 25 26 27 28 29
1 2 3 4 5 7 8 9 10 11 12 13 14 15 16 18 19 20 21 23 24 25 26 27 28 29
1 2 5 9 10 11 13 14 19 20 21 25 26 27 28
1 2 3 4 5 7 8 9 10 11 12 13 14 15 16 18 19 20 21 23 24 25 26 27 28 29
1 2 3 4 5 7 8 9 10 11 12 13 14 15 16 18 19 20 21 23 24 25 26 27 28 29
1 2 3 4 5 7 8 9 10 11 12 13 14 15 16 18 19 20 21 23 24 25 26 27 28 29
1 2 3 4 5 7 8 9 10 11 12 13 14 15 16 18 19 20 21 23 24 25 26 27 28 29
1 2 5 9 10 11 13 14 19 20 21 25 26 27 28
1 2 3 4 5 7 8 9 10 11 12 13 14 15 16 18 19 20 21 23 24 25 26 27 28 29
0 1 2 3 4 5 6 7 8 9 10 11 12 13 14 15 16 17 18 19 20 21 22 23 24 25 26 27 28 29
1 2 5 9 10 11 13 14 19 20 21 25 26 27 28
0 7 13 -1 -1 5 -1 -1 -1 16 10 9 -1 15 6 -1 -1 -1 -1 4 3 8 -1 -1 -1 14 12 2 11 -1 1
-1 10 12 -1 -1 15 -1 -1 -1 3 8 13 -1 11 14 -1 -1 -1 -1 4 9 6 -1 -1 -1 1 2 5 7 -1 0
-1 23 13 16 6 14 -1 17 3 10 2 18 11 21 5 26 4 -1 15 25 1 12 -1 9 7 24 8 19 20 22 0
-1 19 12 17 25 6 -1 16 2 22 13 23 26 1 3 7 8 -1 9 14 11 24 -1 21 18 10 15 4 20 5 0
11 19 20 -1 0 6 8 -1 -1 9 13 3 -1 14 12 -1 -1 7 -1 15 17 5 16 -1 -1 18 2 10 4 -1 1
-1 5 8 -1 -1 2 -1 -1 -1 4 1 15 -1 7 11 -1 -1 -1 -1 12 13 3 -1 -1 -1 9 14 6 10 -1 0
3 13 17 -1 -1 7 6 -1 -1 11 4 9 -1 8 19 -1 -1 15 -1 18 10 2 5 -1 -1 1 12 14 16 -1 0
-1 18 1 26 9 3 -1 8 16 4 7 25 23 5 24 17 15 -1 19 13 20 22 -1 14 10 21 12 2 11 6 0
-1 23 25 13 16 15 -1 7 5 11 18 6 24 14 4 9 2 -1 21 26 19 1 -1 20 10 12 22 17 3 8 0
-1 13 6 -1 -1 3 -1 -1 -1 12 15 2 -1 7 5 -1 -1 -1 -1 1 8 11 -1 -1 -1 4 14 10 9 -1 0
-1 10 9 -1 -1 13 -1 -1 -1 6 12 3 -1 11 8 -1 -1 -1 -1 14 1 5 -1 -1 -1 15 4 7 2 -1 0
-1 3 14 5 26 20 -1 25 6 19 23 4 16 12 13 15 10 -1 7 18 9 2 -1 21 11 17 22 8 1 24 0
15 2 26 6 22 11 13 23 25 19 10 24 14 20 4 27 3 7 5 28 18 12 16 1 21 29 8 17 9 30 0
2 7 9 -1 -1 6 1 -1 -1 11 4 12 -1 13 16 -1 -1 5 -1 3 8 15 10 -1 -1 18 17 19 14 -1 0
-1 12 9 -1 -1 5 -1 -1 -1 15 3 7 -1 6 4 -1 -1 -1 -1 2 1 10 -1 -1 -1 11 8 13 14 -1 0
23 15 17 5 11 3 18 10 29 19 2 8 21 22 12 26 7 6 27 13 20 1 14 16 24 9 28 25 4 30 0
-1 4 5 -1 -1 15 -1 -1 -1 10 11 7 -1 2 6 -1 1 -1 -1 16 13 3 -1 -1 -1 8 9 14 12 -1 0
-1 4 13 -1 -1 10 -1 -1 -1 5 3 2 -1 12 6 -1 -1 0 -1 14 11 7 -1 -1 -1 16 9 8 15 -1 1
-1 12 15 5 4 3 -1 14 10 18 21 11 20 24 25 9 17 -1 7 22 26 6 -1 8 16 19 1 2 13 23 0
-1 13 25 20 14 6 -1 15 7 23 24 21 5 22 19 11 12 -1 3 2 16 4 -1 9 10 8 26 17 1 18 0
-1 7 3 19 1 5 -1 11 22 20 15 2 21 4 16 9 24 -1 6 23 14 18 -1 26 12 17 13 10 25 8 0
-1 15 8 -1 -1 2 -1 -1 -1 14 4 1 -1 3 12 -1 -1 -1 -1 6 10 5 -1 -1 -1 13 9 11 7 -1 0
-1 2 6 12 24 9 -1 18 13 5 19 8 16 21 15 7 23 -1 25 26 17 3 1 20 14 27 22 10 11 4 0
-1 17 21 7 2 10 -1 14 8 22 13 24 5 18 9 26 6 -1 25 23 12 3 -1 11 4 19 16 1 15 20 0
-1 7 5 21 1 2 -1 18 25 9 22 3 12 26 10 23 15 -1 6 8 16 13 -1 4 24 20 14 11 17 19 0
-1 26 14 5 9 10 -1 13 22 3 17 2 6 8 15 4 7 -1 18 11 16 12 -1 20 21 1 24 23 19 25 0
-1 6 3 -1 -1 5 -1 -1 -1 11 10 9 -1 8 15 -1 -1 -1 -1 13 2 4 -1 -1 -1 14 12 7 1 -1 0
-1 10 5 8 9 21 -1 23 7 6 3 1 4 25 19 11 16 -1 24 12 17 2 -1 18 13 22 14 15 26 20 0
15 13 7 4 27 20 1 26 16 23 21 5 8 12 22 18 17 3 29 19 14 25 2 30 9 11 24 28 6 10 0
-1 2 8 -1 -1 4 -1 -1 -1 5 16 14 -1 6 3 -1 -1 -1 -1 12 7 10 -1 -1 -1 9 11 15 13 1 0
