30
3
A A A A O O A B O A A A O A O A AB A O B O O A A A O O O O O
A A O A O O O A O A O O A O O O O B O B O A A O O A O A O A
O A A
0 1 2 3 4 5 6 7 8 9 10 11 12 13 14 15 16 18 20 21 22 23 24 25 26 27 28 29
0 1 2 3 4 5 6 7 8 9 10 11 12 13 14 15 16 18 20 21 22 23 24 25 26 27 28 29
0 1 2 3 4 5 6 7 8 9 10 11 12 13 14 15 16 18 20 21 22 23 24 25 26 27 28 29
0 1 2 3 4 5 6 7 8 9 10 11 12 13 14 15 16 18 20 21 22 23 24 25 26 27 28 29
2 4 5 6 8 10 11 13 14 15 16 18 20 23 24 26 28
2 4 5 6 8 10 11 13 14 15 16 18 20 23 24 26 28
0 1 2 3 4 5 6 7 8 9 10 11 12 13 14 15 16 18 20 21 22 23 24 25 26 27 28 29
2 4 5 6 8 10 11 13 14 15 16 17 18 19 20 23 24 26 28
2 4 5 6 8 10 11 13 14 15 16 18 20 23 24 26 28
0 1 2 3 4 5 6 7 8 9 10 11 12 13 14 15 16 18 20 21 22 23 24 25 26 27 28 29
0 1 2 3 4 5 6 7 8 9 10 11 12 13 14 15 16 18 20 21 22 23 24 25 26 27 28 29
0 1 2 3 4 5 6 7 8 9 10 11 12 13 14 15 16 18 20 21 22 23 24 25 26 27 28 29
2 4 5 6 8 10 11 13 14 15 16 18 20 23 24 26 28
0 1 2 3 4 5 6 7 8 9 10 11 12 13 14 15 16 18 20 21 22 23 24 25 26 27 28 29
2 4 5 6 8 10 11 13 14 15 16 18 20 23 24 26 28
0 1 2 3 4 5 6 7 8 9 10 11 12 13 14 15 16 18 20 21 22 23 24 25 26 27 28 29
0 1 2 3 4 5 6 7 8 9 10 11 12 13 14 15 16 17 18 19 20 21 22 23 24 25 26 27 28 29
0 1 2 3 4 5 6 7 8 9 10 11 12 13 14 15 16 18 20 21 22 23 24 25 26 27 28 29
2 4 5 6 8 10 11 13 14 15 16 18 20 23 24 26 28
2 4 5 6 8 10 11 13 14 15 16 17 18 19 20 23 24 26 28
2 4 5 6 8 10 11 13 14 15 16 18 20 23 24 26 28
2 4 5 6 8 10 11 13 14 15 16 18 20 23 24 26 28
0 1 2 3 4 5 6 7 8 9 10 11 12 13 14 15 16 18 20 21 22 23 24 25 26 27 28 29
0 1 2 3 4 5 6 7 8 9 10 11 12 13 14 15 16 18 20 21 22 23 24 25 26 27 28 29
0 1 2 3 4 5 6 7 8 9 10 11 12 13 14 15 16 18 20 21 22 23 24 25 26 27 28 29
2 4 5 6 8 10 11 13 14 15 16 18 20 23 24 26 28
2 4 5 6 8 10 11 13 14 15 16 18 20 23 24 26 28
2 4 5 6 8 10 11 13 14 15 16 18 20 23 24 26 28
2 4 5 6 8 10 11 13 14 15 16 18 20 23 24 26 28
2 4 5 6 8 10 11 13 14 15 16 18 20 23 24 26 28
-1 24 9 25 19 1 21 3 12 18 20 6 11 5 27 4 13 -1 7 -1 10 22 14 16 26 17 28 23 2 8 0
26 -1 18 2 3 15 28 11 8 24 27 5 25 23 10 21 1 -1 13 -1 19 9 22 4 14 16 20 6 7 17 0
12 21 -1 26 8 16 11 9 7 23 3 22 18 19 5 25 1 -1 27 -1 28 6 14 4 24 2 15 13 20 10 0
27 17 10 -1 21 6 13 22 26 24 8 12 3 15 25 23 16 -1 18 -1 4 2 1 11 5 19 28 7 20 14 0
-1 -1 8 -1 -1 17 5 -1 10 -1 2 15 -1 14 9 6 4 -1 13 -1 7 -1 -1 1 12 -1 16 -1 3 -1 0
-1 -1 4 -1 14 -1 1 -1 16 -1 17 3 -1 5 9 7 8 -1 2 -1 10 -1 -1 15 13 -1 12 -1 11 -1 0
20 4 22 10 27 2 -1 19 1 6 23 26 17 21 11 8 3 -1 5 -1 25 28 18 12 15 16 14 9 13 7 0
-1 -1 17 -1 19 14 12 1 2 -1 5 4 -1 9 8 6 13 10 20 16 3 -1 -1 11 15 -1 7 -1 18 -1 0
-1 -1 10 -1 6 11 1 -1 -1 -1 9 12 -1 16 5 13 7 -1 17 -1 14 -1 -1 4 3 -1 8 -1 2 -1 0
7 21 20 27 1 17 14 25 28 -1 11 26 9 24 12 15 18 -1 8 -1 10 5 2 6 22 19 13 16 3 4 0
5 20 21 23 28 16 11 27 4 9 -1 25 22 13 2 8 3 -1 19 -1 6 10 26 15 12 1 14 24 7 18 0
5 25 18 17 2 9 15 14 13 10 22 -1 24 8 19 23 20 -1 28 -1 26 7 27 12 6 1 16 4 21 11 0
-1 -1 17 -1 7 6 4 -1 8 -1 10 14 0 18 12 15 16 -1 5 -1 9 -1 -1 2 3 -1 11 -1 13 -1 1
22 8 1 11 10 23 14 28 3 6 7 21 26 -1 2 24 16 -1 15 -1 17 12 5 20 27 18 19 9 25 4 0
-1 -1 16 -1 1 11 6 -1 12 -1 4 2 -1 7 -1 9 15 -1 13 -1 5 -1 -1 3 17 -1 14 -1 10 -1 0
16 3 26 15 20 22 11 1 24 8 27 9 21 7 25 -1 17 -1 14 -1 23 5 12 6 13 10 18 2 28 4 0
29 19 27 12 15 28 21 11 26 6 3 20 30 17 23 2 -1 18 4 8 25 9 10 13 14 22 1 7 16 24 0
28 15 11 2 5 8 26 20 16 25 21 3 17 12 7 13 29 0 4 -1 27 10 19 6 9 24 23 18 14 22 1
-1 -1 17 -1 3 8 10 -1 15 -1 6 12 -1 2 4 1 14 -1 -1 -1 5 -1 -1 9 7 -1 16 -1 13 -1 0
-1 -1 18 -1 10 11 16 -1 3 -1 8 2 -1 1 4 13 19 17 14 -1 15 -1 -1 6 5 -1 12 -1 9 -1 0
-1 -1 8 -1 6 10 5 -1 13 -1 4 17 -1 11 1 15 2 -1 16 -1 -1 -1 -1 7 3 -1 14 -1 12 -1 0
-1 -1 14 -1 18 11 4 -1 7 -1 8 17 -1 6 5 12 3 -1 9 -1 10 0 -1 15 13 -1 16 -1 2 -1 1
4 3 20 28 21 5 6 22 10 14 13 2 1 12 9 17 18 -1 27 -1 24 7 -1 11 8 25 26 23 15 19 0
18 3 8 26 19 1 27 4 25 12 23 16 20 7 6 11 13 -1 9 -1 5 22 2 -1 14 28 17 24 15 10 0
23 19 28 7 2 22 18 4 24 1 15 16 20 10 17 13 14 -1 26 -1 27 12 25 8 -1 11 21 9 3 6 0
-1 -1 13 -1 15 16 7 -1 4 -1 6 9 -1 2 8 18 17 -1 12 -1 11 -1 -1 10 14 0 5 -1 3 -1 1
-1 -1 10 -1 6 2 17 -1 4 -1 15 1 -1 3 13 16 8 -1 14 -1 9 -1 -1 5 12 -1 -1 -1 11 -1 0
-1 -1 2 -1 6 11 15 -1 14 -1 4 18 -1 16 7 5 9 -1 10 -1 12 -1 -1 17 13 -1 3 0 8 -1 1
-1 -1 7 -1 14 9 3 -1 13 -1 10 1 -1 2 17 11 4 -1 5 -1 15 -1 -1 12 8 -1 16 -1 -1 -1 0
-1 -1 6 -1 5 7 10 -1 16 -1 2 14 -1 4 13 15 11 -1 3 -1 17 -1 -1 18 12 -1 8 -1 9 1 0
