30
3
O A A A O A AB O A AB O A B A O O A A A A O O O A O AB B A A B
A A O A O A B O B O O O O O B A A O A O A B A O A O A A O A
O O A
2 4 7 9 10 11 12 13 17 19 23 25 28
0 1 2 3 4 5 7 9 10 11 12 13 15 16 17 18 19 20 22 23 24 25 26 27 28 29
0 1 2 3 4 5 7 9 10 11 12 13 15 16 17 18 19 20 22 23 24 25 26 27 28 29
0 1 2 3 4 5 7 9 10 11 12 13 15 16 17 18 19 20 22 23 24 25 26 27 28 29
2 4 7 9 10 11 12 13 17 19 23 25 28
0 1 2 3 4 5 7 9 10 11 12 13 15 16 17 18 19 20 22 23 24 25 26 27 28 29
0 1 2 3 4 5 6 7 8 9 10 11 12 13 14 15 16 17 18 19 20 21 22 23 24 25 26 27 28 29
2 4 7 9 10 11 12 13 17 19 23 25 28
0 1 2 3 4 5 7 9 10 11 12 13 15 16 17 18 19 20 22 23 24 25 26 27 28 29
0 1 2 3 4 5 6 7 8 9 10 11 12 13 14 15 16 17 18 19 20 21 22 23 24 25 26 27 28 29
2 4 7 9 10 11 12 13 17 19 23 25 28
0 1 2 3 4 5 7 9 10 11 12 13 15 16 17 18 19 20 22 23 24 25 26 27 28 29
2 4 6 7 8 9 10 11 12 13 14 17 19 21 23 25 28
0 1 2 3 4 5 7 9 10 11 12 13 15 16 17 18 19 20 22 23 24 25 26 27 28 29
2 4 7 9 10 11 12 13 17 19 23 25 28
2 4 7 9 10 11 12 13 17 19 23 25 28
0 1 2 3 4 5 7 9 10 11 12 13 15 16 17 18 19 20 22 23 24 25 26 27 28 29
0 1 2 3 4 5 7 9 10 11 12 13 15 16 17 18 19 20 22 23 24 25 26 27 28 29
0 1 2 3 4 5 7 9 10 11 12 13 15 16 17 18 19 20 22 23 24 25 26 27 28 29
0 1 2 3 4 5 7 9 10 11 12 13 15 16 17 18 19 20 22 23 24 25 26 27 28 29
2 4 7 9 10 11 12 13 17 19 23 25 28
2 4 7 9 10 11 12 13 17 19 23 25 28
2 4 7 9 10 11 12 13 17 19 23 25 28
0 1 2 3 4 5 7 9 10 11 12 13 15 16 17 18 19 20 22 23 24 25 26 27 28 29
2 4 7 9 10 11 12 13 17 19 23 25 28
0 1 2 3 4 5 6 7 8 9 10 11 12 13 14 15 16 17 18 19 20 21 22 23 24 25 26 27 28 29
2 4 6 7 8 9 10 11 12 13 14 17 19 21 23 25 28
0 1 2 3 4 5 7 9 10 11 12 13 15 16 17 18 19 20 22 23 24 25 26 27 28 29
0 1 2 3 4 5 7 9 10 11 12 13 15 16 17 18 19 20 22 23 24 25 26 27 28 29
2 4 6 7 8 9 10 11 12 13 14 17 19 21 23 25 28
0 -1 2 -1 8 -1 -1 10 -1 14 5 4 3 7 -1 -1 -1 13 -1 9 -1 -1 -1 11 -1 6 -1 -1 12 -1 1
5 21 17 8 24 11 -1 14 -1 12 7 3 1 26 -1 10 18 13 16 9 15 -1 19 20 25 2 22 4 23 6 0
26 4 10 14 21 13 -1 15 -1 19 12 11 1 18 -1 6 5 3 8 7 22 -1 2 9 16 23 17 20 24 25 0
1 10 24 4 19 14 -1 20 -1 13 15 8 2 9 -1 5 3 23 22 6 18 -1 7 25 11 12 26 16 21 17 0
-1 -1 1 -1 6 -1 -1 8 -1 10 9 7 5 4 -1 -1 -1 13 -1 2 -1 -1 -1 11 -1 3 -1 -1 12 -1 0
17 7 25 11 23 22 -1 13 -1 16 10 1 24 19 -1 26 20 2 21 6 5 -1 15 4 9 12 8 18 3 14 0
1 5 16 14 13 8 10 20 21 27 7 12 28 24 29 30 3 18 23 17 15 4 6 2 22 26 19 11 25 9 0
-1 -1 11 -1 9 -1 -1 12 -1 6 1 3 7 2 -1 -1 -1 5 -1 13 -1 -1 -1 10 -1 4 -1 -1 8 -1 0
24 6 18 20 7 15 -1 14 0 23 13 4 16 25 -1 5 9 11 21 27 22 -1 17 12 10 19 3 8 2 26 1
5 24 12 25 23 14 26 29 22 21 7 6 2 10 4 11 1 15 19 27 8 13 3 30 20 16 9 18 17 28 0
-1 -1 6 -1 2 -1 -1 8 -1 5 7 10 11 1 -1 -1 -1 3 -1 4 -1 -1 -1 12 -1 9 -1 -1 13 -1 0
11 15 23 5 20 26 -1 24 -1 4 22 8 1 21 -1 17 2 10 7 13 14 -1 18 19 9 6 25 3 12 16 0
-1 -1 15 -1 17 -1 4 2 1 12 14 8 10 6 7 -1 -1 9 -1 5 -1 11 -1 13 -1 16 -1 -1 3 -1 0
11 21 6 5 26 9 -1 19 -1 17 14 15 24 10 -1 22 23 13 25 18 16 -1 4 2 7 20 3 8 12 1 0
-1 -1 3 -1 13 -1 -1 5 -1 12 4 2 9 7 1 -1 -1 8 -1 11 -1 -1 -1 14 -1 6 -1 -1 10 -1 0
-1 -1 11 -1 13 -1 -1 14 -1 8 5 12 9 10 -1 1 -1 7 -1 4 -1 -1 -1 6 -1 2 -1 -1 3 -1 0
22 13 1 24 23 25 -1 2 -1 18 15 7 19 10 -1 12 26 17 11 4 20 -1 14 16 5 9 3 21 8 6 0
12 17 16 2 1 21 -1 15 -1 24 22 9 7 10 -1 26 13 14 3 18 19 -1 4 8 6 23 5 20 25 11 0
6 23 8 19 7 10 -1 9 -1 25 5 14 26 15 -1 4 12 2 1 11 3 -1 18 17 24 22 21 13 20 16 0
5 14 19 22 18 20 -1 11 -1 25 23 15 17 1 -1 12 7 2 3 6 13 -1 8 21 9 10 16 26 24 4 0
-1 -1 7 -1 14 -1 -1 5 -1 4 11 3 2 8 -1 -1 -1 13 -1 9 0 -1 -1 6 -1 10 -1 -1 12 -1 1
-1 -1 5 -1 7 -1 -1 12 -1 3 9 8 2 4 -1 -1 -1 13 -1 6 -1 0 -1 10 -1 14 -1 -1 11 -1 1
-1 -1 7 -1 2 -1 -1 14 -1 6 9 10 4 5 -1 -1 -1 8 -1 12 -1 -1 0 13 -1 11 -1 -1 3 -1 1
21 14 3 19 5 10 -1 25 -1 16 13 4 22 2 -1 18 9 23 26 15 12 -1 17 8 1 20 11 24 7 6 0
-1 -1 4 -1 6 -1 -1 14 -1 8 11 7 10 9 -1 -1 -1 13 -1 12 -1 -1 -1 5 1 2 -1 -1 3 -1 0
30 9 5 4 21 6 8 13 1 22 2 26 12 24 23 11 29 15 17 3 14 16 18 28 10 27 19 20 25 7 0
-1 -1 16 -1 13 -1 7 9 18 17 2 15 14 8 4 -1 -1 3 -1 11 -1 10 -1 12 -1 5 1 -1 6 -1 0
17 16 10 24 8 9 -1 26 -1 22 7 21 3 4 -1 14 5 6 18 12 25 -1 23 11 13 15 1 2 20 19 0
24 14 26 2 22 19 -1 8 -1 15 17 6 5 7 -1 21 18 3 13 11 4 -1 23 12 1 10 25 20 16 9 0
-1 -1 9 -1 5 -1 14 16 8 15 10 12 13 3 4 -1 -1 18 -1 11 -1 17 -1 2 -1 6 -1 -1 7 0 1
