30
3
O A O O O O A A O O A A O O B A O A A O A O O O O O O O O O
O A B A O O O A A A A O A A B O O O B O A O O O A O O O O A
A A O
0 4 5 6 11 15 16 17 19 21 22 23 25 26 27 28
0 1 3 4 5 6 7 8 9 10 11 12 13 15 16 17 19 20 21 22 23 24 25 26 27 28 29
0 4 5 6 11 15 16 17 19 21 22 23 25 26 27 28
0 4 5 6 11 15 16 17 19 21 22 23 25 26 27 28
0 4 5 6 11 15 16 17 19 21 22 23 25 26 27 28
0 4 5 6 11 15 16 17 19 21 22 23 25 26 27 28
0 1 3 4 5 6 7 8 9 10 11 12 13 15 16 17 19 20 21 22 23 24 25 26 27 28 29
0 1 3 4 5 6 7 8 9 10 11 12 13 15 16 17 19 20 21 22 23 24 25 26 27 28 29
0 4 5 6 11 15 16 17 19 21 22 23 25 26 27 28
0 4 5 6 11 15 16 17 19 21 22 23 25 26 27 28
0 1 3 4 5 6 7 8 9 10 11 12 13 15 16 17 19 20 21 22 23 24 25 26 27 28 29
0 1 3 4 5 6 7 8 9 10 11 12 13 15 16 17 19 20 21 22 23 24 25 26 27 28 29
0 4 5 6 11 15 16 17 19 21 22 23 25 26 27 28
0 4 5 6 11 15 16 17 19 21 22 23 25 26 27 28
0 2 4 5 6 11 14 15 16 17 18 19 21 22 23 25 26 27 28
0 1 3 4 5 6 7 8 9 10 11 12 13 15 16 17 19 20 21 22 23 24 25 26 27 28 29
0 4 5 6 11 15 16 17 19 21 22 23 25 26 27 28
0 1 3 4 5 6 7 8 9 10 11 12 13 15 16 17 19 20 21 22 23 24 25 26 27 28 29
0 1 3 4 5 6 7 8 9 10 11 12 13 15 16 17 19 20 21 22 23 24 25 26 27 28 29
0 4 5 6 11 15 16 17 19 21 22 23 25 26 27 28
0 1 3 4 5 6 7 8 9 10 11 12 13 15 16 17 19 20 21 22 23 24 25 26 27 28 29
0 4 5 6 11 15 16 17 19 21 22 23 25 26 27 28
0 4 5 6 11 15 16 17 19 21 22 23 25 26 27 28
0 4 5 6 11 15 16 17 19 21 22 23 25 26 27 28
0 4 5 6 11 15 16 17 19 21 22 23 25 26 27 28
0 4 5 6 11 15 16 17 19 21 22 23 25 26 27 28
0 4 5 6 11 15 16 17 19 21 22 23 25 26 27 28
0 4 5 6 11 15 16 17 19 21 22 23 25 26 27 28
0 4 5 6 11 15 16 17 19 21 22 23 25 26 27 28
0 4 5 6 11 15 16 17 19 21 22 23 25 26 27 28
3 -1 -1 -1 7 11 5 -1 -1 -1 -1 4 -1 -1 -1 10 2 16 -1 6 -1 14 12 1 -1 15 13 8 9 -1 0
22 23 -1 18 20 16 26 12 13 15 11 2 6 9 -1 19 8 3 -1 25 21 17 27 10 1 7 24 5 4 14 0
16 -1 0 -1 14 7 3 -1 -1 -1 -1 6 -1 -1 -1 8 10 9 -1 5 -1 17 15 4 -1 11 2 13 12 -1 1
6 -1 -1 0 9 3 16 -1 -1 -1 -1 7 -1 -1 -1 8 13 15 -1 4 -1 14 11 2 -1 12 10 17 5 -1 1
3 -1 -1 -1 14 7 8 -1 -1 -1 -1 15 -1 -1 -1 12 10 11 -1 6 -1 16 13 4 -1 5 2 1 9 -1 0
14 -1 -1 -1 2 13 9 -1 -1 -1 -1 7 -1 -1 -1 8 16 12 -1 1 -1 3 5 4 -1 6 11 10 15 -1 0
17 23 -1 18 7 10 24 21 9 5 26 8 16 25 -1 20 22 3 -1 19 15 14 27 12 2 13 1 6 4 11 0
24 22 -1 13 3 26 6 7 27 5 23 17 15 1 -1 2 16 9 -1 20 25 21 18 19 12 4 8 14 10 11 0
13 -1 -1 -1 7 16 8 -1 0 -1 -1 4 -1 -1 -1 15 2 11 -1 10 -1 12 3 14 -1 9 5 6 17 -1 1
17 -1 -1 -1 10 16 2 -1 -1 1 -1 8 -1 -1 -1 4 6 13 -1 14 -1 11 7 12 -1 5 15 3 9 -1 0
14 2 -1 20 13 17 18 9 7 4 27 22 15 21 -1 6 24 25 -1 19 11 8 1 10 26 16 5 12 23 3 0
17 5 -1 13 12 7 9 27 20 15 18 16 1 22 -1 11 8 6 -1 3 24 23 26 2 19 25 10 4 21 14 0
8 -1 -1 -1 4 14 12 -1 -1 -1 -1 17 0 -1 -1 16 10 6 -1 11 -1 13 3 2 -1 7 9 15 5 -1 1
16 -1 -1 -1 17 15 5 -1 -1 -1 -1 4 -1 0 -1 10 13 11 -1 8 -1 3 14 6 -1 9 12 2 7 -1 1
3 -1 5 -1 11 1 2 -1 -1 -1 -1 18 -1 -1 10 7 14 4 19 15 -1 12 9 6 -1 13 16 8 17 -1 0
1 6 -1 19 17 25 14 10 15 3 13 22 12 21 -1 11 5 7 -1 26 16 4 23 2 24 18 27 20 8 9 0
13 -1 -1 -1 4 7 10 -1 -1 -1 -1 14 -1 -1 -1 11 9 16 -1 15 -1 1 6 5 -1 3 12 2 8 -1 0
2 26 -1 17 5 6 4 11 20 10 22 13 3 9 -1 27 1 14 -1 15 24 23 25 7 21 8 12 16 18 19 0
27 14 -1 13 4 21 17 3 10 6 22 26 5 8 -1 20 19 24 0 7 23 12 15 9 2 25 11 16 18 28 1
15 -1 -1 -1 1 13 4 -1 -1 -1 -1 6 -1 -1 -1 11 14 10 -1 16 -1 9 3 5 -1 2 12 8 7 -1 0
14 15 -1 21 5 1 27 17 23 24 26 9 19 22 -1 18 11 4 -1 16 20 10 25 13 6 3 2 8 7 12 0
2 -1 -1 -1 14 1 6 -1 -1 -1 -1 4 -1 -1 -1 9 8 5 -1 13 -1 11 10 12 -1 15 16 7 3 -1 0
3 -1 -1 -1 12 11 2 -1 -1 -1 -1 10 -1 -1 -1 1 16 8 -1 5 -1 4 6 15 -1 13 7 14 9 -1 0
13 -1 -1 -1 12 2 6 -1 -1 -1 -1 16 -1 -1 -1 1 4 7 -1 9 -1 14 5 8 -1 11 15 10 3 -1 0
16 -1 -1 -1 8 6 2 -1 -1 -1 -1 15 -1 -1 -1 4 7 11 -1 12 -1 10 5 3 1 14 9 13 17 -1 0
16 -1 -1 -1 11 4 3 -1 -1 -1 -1 9 -1 -1 -1 8 13 10 -1 7 -1 5 12 1 -1 14 6 2 15 -1 0
11 -1 -1 -1 14 9 16 -1 -1 -1 -1 10 -1 -1 -1 12 15 5 -1 13 -1 6 7 4 -1 8 1 2 3 -1 0
3 -1 -1 -1 6 12 14 -1 -1 -1 -1 7 -1 -1 -1 15 11 9 -1 8 -1 2 16 5 -1 4 13 10 1 -1 0
14 -1 -1 -1 7 4 11 -1 -1 -1 -1 12 -1 -1 -1 15 8 2 -1 9 -1 6 10 5 -1 16 3 1 13 -1 0
7 -1 -1 -1 2 14 11 -1 -1 -1 -1 8 -1 -1 -1 12 17 15 -1 16 -1 9 4 5 -1 3 6 13 10 1 0
