30
3
B A A O A O O O O O A A A B A A O A O O O O A O A A B O A B
O B O O O A A O O B A O A B O O A A O A B A A B O A O O O B
B O A
0 1 2 3 4 7 8 9 11 13 14 15 18 20 23 24 26 27 28 29
0 2 3 4 5 6 7 8 10 11 12 14 15 16 17 18 19 21 22 24 25 26 27 28
0 2 3 4 5 6 7 8 10 11 12 14 15 16 17 18 19 21 22 24 25 26 27 28
0 2 3 4 7 8 11 14 15 18 24 26 27 28
0 2 3 4 5 6 7 8 10 11 12 14 15 16 17 18 19 21 22 24 25 26 27 28
0 2 3 4 7 8 11 14 15 18 24 26 27 28
0 2 3 4 7 8 11 14 15 18 24 26 27 28
0 2 3 4 7 8 11 14 15 18 24 26 27 28
0 2 3 4 7 8 11 14 15 18 24 26 27 28
0 2 3 4 7 8 11 14 15 18 24 26 27 28
0 2 3 4 5 6 7 8 10 11 12 14 15 16 17 18 19 21 22 24 25 26 27 28
0 2 3 4 5 6 7 8 10 11 12 14 15 16 17 18 19 21 22 24 25 26 27 28
0 2 3 4 5 6 7 8 10 11 12 14 15 16 17 18 19 21 22 24 25 26 27 28
0 1 2 3 4 7 8 9 11 13 14 15 18 20 23 24 26 27 28 29
0 2 3 4 5 6 7 8 10 11 12 14 15 16 17 18 19 21 22 24 25 26 27 28
0 2 3 4 5 6 7 8 10 11 12 14 15 16 17 18 19 21 22 24 25 26 27 28
0 2 3 4 7 8 11 14 15 18 24 26 27 28
0 2 3 4 5 6 7 8 10 11 12 14 15 16 17 18 19 21 22 24 25 26 27 28
0 2 3 4 7 8 11 14 15 18 24 26 27 28
0 2 3 4 7 8 11 14 15 18 24 26 27 28
0 2 3 4 7 8 11 14 15 18 24 26 27 28
0 2 3 4 7 8 11 14 15 18 24 26 27 28
0 2 3 4 5 6 7 8 10 11 12 14 15 16 17 18 19 21 22 24 25 26 27 28
0 2 3 4 7 8 11 14 15 18 24 26 27 28
0 2 3 4 5 6 7 8 10 11 12 14 15 16 17 18 19 21 22 24 25 26 27 28
0 2 3 4 5 6 7 8 10 11 12 14 15 16 17 18 19 21 22 24 25 26 27 28
0 1 2 3 4 7 8 9 11 13 14 15 18 20 23 24 26 27 28 29
0 2 3 4 7 8 11 14 15 18 24 26 27 28
0 2 3 4 5 6 7 8 10 11 12 14 15 16 17 18 19 21 22 24 25 26 27 28
0 1 2 3 4 7 8 9 11 13 14 15 18 20 23 24 26 27 28 29
7 5 15 18 6 -1 -1 4 20 10 -1 19 -1 2 9 12 -1 -1 17 -1 11 -1 -1 3 8 -1 16 1 13 14 0
14 0 15 5 20 21 2 8 4 -1 17 12 23 -1 25 22 13 6 7 24 -1 10 3 -1 11 9 18 19 16 -1 1
20 -1 21 4 13 5 15 1 18 -1 10 2 14 -1 17 7 8 24 19 11 -1 22 23 -1 12 16 3 6 9 -1 0
7 -1 12 11 5 -1 -1 13 2 -1 -1 14 -1 -1 10 3 -1 -1 9 -1 -1 -1 -1 -1 1 -1 8 6 4 -1 0
9 -1 21 13 1 6 17 18 2 -1 22 16 19 -1 5 20 15 4 14 7 -1 11 24 -1 23 8 3 12 10 -1 0
15 -1 13 2 10 0 -1 3 14 -1 -1 4 -1 -1 8 6 -1 -1 7 -1 -1 -1 -1 -1 5 -1 11 12 9 -1 1
11 -1 15 5 6 -1 1 12 7 -1 -1 14 -1 -1 3 9 -1 -1 10 -1 -1 -1 -1 -1 2 -1 8 13 4 -1 0
5 -1 7 6 14 -1 -1 1 9 -1 -1 12 -1 -1 11 3 -1 -1 8 -1 -1 -1 -1 -1 2 -1 13 4 10 -1 0
12 -1 9 14 3 -1 -1 6 10 -1 -1 1 -1 -1 7 5 -1 -1 2 -1 -1 -1 -1 -1 13 -1 8 4 11 -1 0
7 -1 13 10 9 -1 -1 3 11 0 -1 15 -1 -1 2 6 -1 -1 8 -1 -1 -1 -1 -1 5 -1 4 12 14 -1 1
8 -1 7 18 15 1 6 23 20 -1 16 2 22 -1 13 17 5 21 12 4 -1 3 14 -1 10 9 19 11 24 -1 0
18 -1 1 24 5 7 12 17 9 -1 23 10 13 -1 22 6 14 11 21 2 -1 4 15 -1 8 19 3 16 20 -1 0
14 -1 12 21 23 6 16 5 24 -1 8 22 11 -1 4 9 1 2 20 10 -1 7 3 -1 19 15 13 18 17 -1 0
11 19 20 1 14 -1 -1 16 13 9 -1 17 -1 18 12 7 -1 -1 6 -1 3 -1 -1 2 15 -1 4 8 10 5 0
24 -1 4 21 13 9 12 18 15 -1 11 17 3 -1 1 19 16 14 23 20 -1 22 8 -1 7 10 6 2 5 -1 0
24 -1 15 20 16 8 13 2 4 -1 22 18 11 -1 7 21 5 14 1 10 -1 17 9 -1 6 23 3 19 12 -1 0
13 -1 14 5 6 -1 -1 4 11 -1 -1 3 -1 -1 15 2 1 -1 9 -1 -1 -1 -1 -1 12 -1 8 10 7 -1 0
12 -1 21 23 19 4 11 7 18 -1 5 16 15 -1 8 1 13 22 3 9 -1 6 17 -1 2 14 24 20 10 -1 0
4 -1 5 3 2 -1 -1 9 6 -1 -1 14 -1 -1 7 13 -1 -1 11 -1 -1 -1 -1 -1 12 -1 1 8 10 -1 0
8 -1 7 15 3 -1 -1 10 9 -1 -1 6 -1 -1 2 4 -1 -1 13 0 -1 -1 -1 -1 14 -1 5 12 11 -1 1
15 -1 3 7 2 -1 -1 6 4 -1 -1 13 -1 -1 8 9 -1 -1 5 -1 0 -1 -1 -1 12 -1 10 14 11 -1 1
12 -1 11 2 8 -1 -1 9 10 -1 -1 5 -1 -1 3 15 -1 -1 14 -1 -1 1 -1 -1 6 -1 13 4 7 -1 0
24 -1 10 18 5 15 13 4 3 -1 8 23 16 -1 2 14 6 17 7 11 -1 12 1 -1 22 20 21 9 19 -1 0
6 -1 2 7 4 -1 -1 9 8 -1 -1 13 -1 -1 10 14 -1 -1 15 -1 -1 -1 -1 1 11 -1 12 5 3 -1 0
6 -1 14 10 2 3 22 1 16 -1 17 9 12 -1 19 7 13 21 11 18 -1 20 5 -1 24 8 4 15 23 -1 0
19 -1 9 20 8 18 3 24 11 -1 22 21 5 -1 7 15 10 17 1 12 -1 2 13 -1 14 6 23 4 16 -1 0
16 13 20 3 9 -1 -1 7 15 1 -1 11 -1 2 18 4 -1 -1 8 -1 19 -1 -1 6 14 -1 5 10 17 12 0
1 -1 7 2 9 -1 -1 13 3 -1 -1 10 -1 -1 8 12 -1 -1 11 -1 -1 -1 -1 -1 6 -1 4 14 5 -1 0
4 -1 2 19 18 6 11 17 21 -1 8 3 13 -1 12 16 22 7 23 9 -1 14 15 -1 5 20 1 10 24 -1 0
12 2 17 19 16 -1 -1 18 9 8 -1 20 -1 11 14 4 -1 -1 15 -1 3 -1 -1 6 7 -1 10 1 5 13 0
