30
3
O B O O O O O A O O A A O O O A A O A O A B B A O A A A O A
A A O A O O O A AB O O B A A A A A A O O O O B O A O O B O B
A A A
2 4 5 6 9 10 18 19 20 21 23 25 26 28
2 4 5 6 9 10 11 18 19 20 21 22 23 25 26 27 28 29
2 4 5 6 9 10 18 19 20 21 23 25 26 28
2 4 5 6 9 10 18 19 20 21 23 25 26 28
2 4 5 6 9 10 18 19 20 21 23 25 26 28
2 4 5 6 9 10 18 19 20 21 23 25 26 28
2 4 5 6 9 10 18 19 20 21 23 25 26 28
0 1 2 3 4 5 6 7 9 10 12 13 14 15 16 17 18 19 20 21 23 24 25 26 28
2 4 5 6 9 10 18 19 20 21 23 25 26 28
2 4 5 6 9 10 18 19 20 21 23 25 26 28
0 1 2 3 4 5 6 7 9 10 12 13 14 15 16 17 18 19 20 21 23 24 25 26 28
0 1 2 3 4 5 6 7 9 10 12 13 14 15 16 17 18 19 20 21 23 24 25 26 28
2 4 5 6 9 10 18 19 20 21 23 25 26 28
2 4 5 6 9 10 18 19 20 21 23 25 26 28
2 4 5 6 9 10 18 19 20 21 23 25 26 28
0 1 2 3 4 5 6 7 9 10 12 13 14 15 16 17 18 19 20 21 23 24 25 26 28
0 1 2 3 4 5 6 7 9 10 12 13 14 15 16 17 18 19 20 21 23 24 25 26 28
2 4 5 6 9 10 18 19 20 21 23 25 26 28
0 1 2 3 4 5 6 7 9 10 12 13 14 15 16 17 18 19 20 21 23 24 25 26 28
2 4 5 6 9 10 18 19 20 21 23 25 26 28
0 1 2 3 4 5 6 7 9 10 12 13 14 15 16 17 18 19 20 21 23 24 25 26 28
2 4 5 6 9 10 11 18 19 20 21 22 23 25 26 27 28 29
2 4 5 6 9 10 11 18 19 20 21 22 23 25 26 27 28 29
0 1 2 3 4 5 6 7 9 10 12 13 14 15 16 17 18 19 20 21 23 24 25 26 28
2 4 5 6 9 10 18 19 20 21 23 25 26 28
0 1 2 3 4 5 6 7 9 10 12 13 14 15 16 17 18 19 20 21 23 24 25 26 28
0 1 2 3 4 5 6 7 9 10 12 13 14 15 16 17 18 19 20 21 23 24 25 26 28
0 1 2 3 4 5 6 7 9 10 12 13 14 15 16 17 18 19 20 21 23 24 25 26 28
2 4 5 6 9 10 18 19 20 21 23 25 26 28
0 1 2 3 4 5 6 7 9 10 12 13 14 15 16 17 18 19 20 21 23 24 25 26 28
-1 -1 12 -1 11 3 1 -1 -1 14 6 -1 -1 -1 -1 -1 -1 -1 7 10 5 13 -1 8 -1 9 4 -1 2 -1 0
-1 -1 10 -1 1 14 3 -1 -1 17 2 15 -1 -1 -1 -1 -1 -1 4 12 7 13 9 8 -1 11 5 6 18 16 0
-1 -1 1 -1 9 12 7 -1 -1 13 8 -1 -1 -1 -1 -1 -1 -1 14 4 10 3 -1 11 -1 2 5 -1 6 -1 0
-1 -1 5 -1 10 1 2 -1 -1 9 8 -1 -1 -1 -1 -1 -1 -1 14 12 11 6 -1 7 -1 4 3 -1 13 -1 0
-1 -1 4 -1 0 11 3 -1 -1 13 2 -1 -1 -1 -1 -1 -1 -1 7 6 10 5 -1 8 -1 12 9 -1 14 -1 1
-1 -1 9 -1 10 1 8 -1 -1 14 7 -1 -1 -1 -1 -1 -1 -1 2 13 5 12 -1 3 -1 11 4 -1 6 -1 0
-1 -1 5 -1 7 14 1 -1 -1 2 11 -1 -1 -1 -1 -1 -1 -1 4 10 13 8 -1 3 -1 6 9 -1 12 -1 0
15 21 3 19 10 24 22 1 -1 9 12 -1 13 20 8 16 23 14 18 2 25 17 -1 11 5 7 6 -1 4 -1 0
-1 -1 11 -1 9 1 2 -1 -1 4 7 -1 -1 -1 -1 -1 -1 -1 3 6 12 10 -1 14 -1 8 5 -1 13 -1 0
-1 -1 4 -1 10 9 13 -1 -1 0 3 -1 -1 -1 -1 -1 -1 -1 7 6 14 2 -1 12 -1 11 5 -1 8 -1 1
15 7 20 9 13 10 2 6 -1 17 1 -1 25 22 23 18 4 12 16 11 5 3 -1 24 21 14 19 -1 8 -1 0
15 24 16 12 3 19 5 21 -1 9 2 -1 20 11 25 22 17 7 13 1 4 23 -1 14 10 8 18 -1 6 -1 0
-1 -1 13 -1 14 3 5 -1 -1 7 1 -1 -1 -1 -1 -1 -1 -1 2 11 8 6 -1 12 -1 4 9 -1 10 -1 0
-1 -1 8 -1 2 14 4 -1 -1 7 9 -1 -1 -1 -1 -1 -1 -1 3 10 13 11 -1 6 -1 5 1 -1 12 -1 0
-1 -1 12 -1 8 9 14 -1 -1 13 11 -1 -1 -1 -1 -1 -1 -1 2 4 10 5 -1 7 -1 3 1 -1 6 -1 0
18 8 10 4 5 21 16 25 -1 20 17 -1 11 19 13 1 15 24 22 23 9 2 -1 14 6 12 3 -1 7 -1 0
17 18 22 16 4 20 23 7 -1 8 14 -1 9 19 5 12 0 13 21 3 6 25 -1 11 10 24 15 -1 2 -1 1
-1 -1 5 -1 4 3 11 -1 -1 13 2 -1 -1 -1 -1 -1 -1 -1 9 7 8 14 -1 6 -1 12 10 -1 1 -1 0
25 18 12 13 19 23 4 7 -1 16 10 -1 15 20 6 11 3 8 0 24 9 14 -1 5 22 21 2 -1 17 -1 1
-1 -1 11 -1 12 14 8 -1 -1 10 9 -1 -1 -1 -1 -1 -1 -1 7 1 6 5 -1 2 -1 3 13 -1 4 -1 0
20 10 2 22 12 6 17 14 -1 19 21 -1 13 7 5 9 11 8 15 18 0 16 -1 4 24 23 25 -1 3 -1 1
-1 -1 11 -1 8 3 9 -1 -1 17 16 10 -1 -1 -1 -1 -1 -1 13 2 12 1 5 14 -1 4 15 7 6 18 0
-1 -1 4 -1 10 9 17 -1 -1 7 15 2 -1 -1 -1 -1 -1 -1 18 16 8 13 1 14 -1 3 5 6 12 11 0
20 8 7 23 9 21 24 22 -1 13 19 -1 15 25 17 5 11 6 12 10 3 16 -1 0 14 18 4 -1 2 -1 1
-1 -1 10 -1 6 4 11 -1 -1 9 1 -1 -1 -1 -1 -1 -1 -1 3 13 5 8 -1 2 -1 7 12 -1 14 -1 0
23 5 22 8 13 6 12 24 -1 17 9 -1 11 20 3 25 2 7 16 21 19 15 -1 14 10 1 4 -1 18 -1 0
19 18 12 9 16 14 20 11 -1 23 24 -1 3 4 5 2 17 25 22 13 15 10 -1 8 21 7 1 -1 6 -1 0
16 9 22 13 17 12 14 20 -1 18 6 -1 2 11 21 19 23 8 15 10 5 25 -1 3 7 1 4 -1 24 -1 0
-1 -1 7 -1 3 6 2 -1 -1 13 8 -1 -1 -1 -1 -1 -1 -1 11 5 12 4 -1 9 -1 14 10 -1 0 -1 1
16 7 1 25 21 3 23 12 -1 5 9 -1 19 14 6 17 20 24 8 15 10 22 -1 13 18 4 11 -1 2 -1 0
