30
3
A O O A O A A A O O O A O B A O O O O O O A O A B O A A O A
O A O O O A A A A O O O A O O A A O B O B O B O O A O B A A
O A A
0 1 2 3 4 5 6 7 8 9 10 11 12 13 14 15 16 17 19 21 23 24 25 26 28 29
0 2 3 4 9 10 11 13 14 17 19 21 23 24 26
0 2 3 4 9 10 11 13 14 17 19 21 23 24 26
0 1 2 3 4 5 6 7 8 9 10 11 12 13 14 15 16 17 19 21 23 24 25 26 28 29
0 2 3 4 9 10 11 13 14 17 19 21 23 24 26
0 1 2 3 4 5 6 7 8 9 10 11 12 13 14 15 16 17 19 21 23 24 25 26 28 29
0 1 2 3 4 5 6 7 8 9 10 11 12 13 14 15 16 17 19 21 23 24 25 26 28 29
0 1 2 3 4 5 6 7 8 9 10 11 12 13 14 15 16 17 19 21 23 24 25 26 28 29
0 2 3 4 9 10 11 13 14 17 19 21 23 24 26
0 2 3 4 9 10 11 13 14 17 19 21 23 24 26
0 2 3 4 9 10 11 13 14 17 19 21 23 24 26
0 1 2 3 4 5 6 7 8 9 10 11 12 13 14 15 16 17 19 21 23 24 25 26 28 29
0 2 3 4 9 10 11 13 14 17 19 21 23 24 26
0 2 3 4 9 10 11 13 14 17 18 19 20 21 22 23 24 26 27
0 1 2 3 4 5 6 7 8 9 10 11 12 13 14 15 16 17 19 21 23 24 25 26 28 29
0 2 3 4 9 10 11 13 14 17 19 21 23 24 26
0 2 3 4 9 10 11 13 14 17 19 21 23 24 26
0 2 3 4 9 10 11 13 14 17 19 21 23 24 26
0 2 3 4 9 10 11 13 14 17 19 21 23 24 26
0 2 3 4 9 10 11 13 14 17 19 21 23 24 26
0 2 3 4 9 10 11 13 14 17 19 21 23 24 26
0 1 2 3 4 5 6 7 8 9 10 11 12 13 14 15 16 17 19 21 23 24 25 26 28 29
0 2 3 4 9 10 11 13 14 17 19 21 23 24 26
0 1 2 3 4 5 6 7 8 9 10 11 12 13 14 15 16 17 19 21 23 24 25 26 28 29
0 2 3 4 9 10 11 13 14 17 18 19 20 21 22 23 24 26 27
0 2 3 4 9 10 11 13 14 17 19 21 23 24 26
0 1 2 3 4 5 6 7 8 9 10 11 12 13 14 15 16 17 19 21 23 24 25 26 28 29
0 1 2 3 4 5 6 7 8 9 10 11 12 13 14 15 16 17 19 21 23 24 25 26 28 29
0 2 3 4 9 10 11 13 14 17 19 21 23 24 26
0 1 2 3 4 5 6 7 8 9 10 11 12 13 14 15 16 17 19 21 23 24 25 26 28 29
23 2 5 11 7 21 12 16 15 13 1 14 22 9 4 10 18 3 -1 19 -1 24 -1 26 20 17 25 -1 8 6 0
14 1 6 5 16 -1 -1 -1 -1 9 3 12 -1 15 11 -1 -1 7 -1 8 -1 2 -1 4 10 -1 13 -1 -1 -1 0
5 -1 12 4 9 -1 -1 -1 -1 6 8 1 -1 7 10 -1 -1 14 -1 3 -1 13 -1 15 11 -1 2 -1 -1 -1 0
12 26 5 19 18 17 9 16 24 23 22 3 11 13 21 7 10 6 -1 15 -1 1 -1 8 20 2 4 -1 25 14 0
11 -1 5 2 1 -1 -1 -1 -1 9 6 8 -1 3 13 -1 -1 15 -1 14 -1 7 -1 10 12 -1 4 -1 -1 -1 0
8 1 26 18 24 12 2 5 13 15 17 6 10 3 19 25 23 20 -1 16 -1 21 -1 14 7 9 22 -1 4 11 0
7 20 22 3 1 18 12 19 16 9 14 23 5 11 24 6 10 8 -1 15 -1 2 -1 4 25 17 21 -1 13 26 0
7 3 25 4 23 10 19 18 5 13 22 21 20 8 1 11 17 9 -1 2 -1 16 -1 14 24 15 12 -1 6 26 0
11 -1 16 6 13 -1 -1 -1 1 15 12 3 -1 14 7 -1 -1 9 -1 8 -1 2 -1 4 5 -1 10 -1 -1 -1 0
1 -1 5 11 8 -1 -1 -1 -1 3 7 14 -1 6 9 -1 -1 10 -1 2 -1 13 -1 15 4 -1 12 -1 -1 -1 0
3 -1 12 6 10 -1 -1 -1 -1 9 13 11 -1 8 1 -1 -1 4 -1 15 -1 2 -1 5 14 -1 7 -1 -1 -1 0
8 17 2 16 20 18 1 22 12 7 14 26 10 3 11 13 25 24 -1 4 -1 9 -1 5 21 15 6 -1 19 23 0
12 -1 7 9 10 -1 -1 -1 -1 4 8 13 0 3 2 -1 -1 15 -1 5 -1 11 -1 14 16 -1 6 -1 -1 -1 1
7 -1 19 1 11 -1 -1 -1 -1 9 2 12 -1 16 4 -1 -1 6 10 3 13 17 14 15 5 -1 8 18 -1 -1 0
22 18 7 3 19 14 2 13 9 5 24 10 11 23 1 15 17 4 -1 21 -1 12 -1 20 16 25 26 -1 6 8 0
7 -1 9 5 6 -1 -1 -1 -1 4 3 14 -1 16 12 1 -1 13 -1 10 -1 11 -1 15 8 -1 2 -1 -1 -1 0
5 -1 13 9 6 -1 -1 -1 -1 7 4 11 -1 14 3 -1 1 2 -1 16 -1 15 -1 10 8 -1 12 -1 -1 -1 0
1 -1 10 9 8 -1 -1 -1 -1 3 11 5 -1 13 12 -1 -1 6 -1 4 -1 2 -1 15 7 -1 14 -1 -1 -1 0
11 -1 7 10 4 -1 -1 -1 -1 8 15 12 -1 16 13 -1 -1 2 1 5 -1 14 -1 3 9 -1 6 -1 -1 -1 0
2 -1 4 14 7 -1 -1 -1 -1 10 6 3 -1 12 5 -1 -1 13 -1 1 -1 11 -1 15 8 -1 9 -1 -1 -1 0
6 -1 4 12 7 -1 -1 -1 -1 9 16 5 -1 14 3 -1 -1 15 -1 10 1 11 -1 13 2 -1 8 -1 -1 -1 0
26 1 5 23 18 16 19 3 13 6 24 10 22 14 21 2 20 7 -1 9 -1 15 -1 12 4 17 25 -1 11 8 0
8 -1 4 10 3 -1 -1 -1 -1 2 6 9 -1 15 14 -1 -1 5 -1 16 -1 11 0 7 12 -1 13 -1 -1 -1 1
12 4 15 16 23 13 1 21 19 14 17 9 18 10 24 11 2 3 -1 20 -1 6 -1 5 25 7 26 -1 8 22 0
14 -1 15 8 17 -1 -1 -1 -1 6 3 13 -1 11 18 -1 -1 4 19 16 10 5 7 1 9 -1 2 12 -1 -1 0
10 -1 8 15 4 -1 -1 -1 -1 11 13 16 -1 5 14 -1 -1 2 -1 9 -1 7 -1 3 6 0 12 -1 -1 -1 1
23 12 11 16 4 7 26 1 24 25 21 5 9 3 13 8 20 18 -1 10 -1 19 -1 15 6 22 2 -1 17 14 0
14 5 19 17 24 27 15 11 3 23 7 12 16 2 20 9 10 13 -1 22 -1 26 -1 6 18 4 8 1 25 21 0
11 -1 13 12 16 -1 -1 -1 -1 14 9 7 -1 15 5 -1 -1 2 -1 10 -1 8 -1 4 6 -1 3 -1 0 -1 1
2 25 22 23 20 16 10 17 14 19 7 15 12 1 13 4 5 3 -1 6 -1 18 -1 9 21 11 26 -1 8 24 0
