30
3
O A A A B A O O A A A B O A O O O A O B A O A A O B B A A A
O A A O A A B A O A B O O O A O O A B A A O A A O A A A A O
O A O
0 3 8 11 12 13 15 16 21 24 29
0 1 2 3 4 5 7 8 9 11 12 13 14 15 16 17 19 20 21 22 23 24 25 26 27 28 29
0 1 2 3 4 5 7 8 9 11 12 13 14 15 16 17 19 20 21 22 23 24 25 26 27 28 29
0 1 2 3 4 5 7 8 9 11 12 13 14 15 16 17 19 20 21 22 23 24 25 26 27 28 29
0 3 6 8 10 11 12 13 15 16 18 21 24 29
0 1 2 3 4 5 7 8 9 11 12 13 14 15 16 17 19 20 21 22 23 24 25 26 27 28 29
0 3 8 11 12 13 15 16 21 24 29
0 3 8 11 12 13 15 16 21 24 29
0 1 2 3 4 5 7 8 9 11 12 13 14 15 16 17 19 20 21 22 23 24 25 26 27 28 29
0 1 2 3 4 5 7 8 9 11 12 13 14 15 16 17 19 20 21 22 23 24 25 26 27 28 29
0 1 2 3 4 5 7 8 9 11 12 13 14 15 16 17 19 20 21 22 23 24 25 26 27 28 29
0 3 6 8 10 11 12 13 15 16 18 21 24 29
0 3 8 11 12 13 15 16 21 24 29
0 1 2 3 4 5 7 8 9 11 12 13 14 15 16 17 19 20 21 22 23 24 25 26 27 28 29
0 3 8 11 12 13 15 16 21 24 29
0 3 8 11 12 13 15 16 21 24 29
0 3 8 11 12 13 15 16 21 24 29
0 1 2 3 4 5 7 8 9 11 12 13 14 15 16 17 19 20 21 22 23 24 25 26 27 28 29
0 3 8 11 12 13 15 16 21 24 29
0 3 6 8 10 11 12 13 15 16 18 21 24 29
0 1 2 3 4 5 7 8 9 11 12 13 14 15 16 17 19 20 21 22 23 24 25 26 27 28 29
0 3 8 11 12 13 15 16 21 24 29
0 1 2 3 4 5 7 8 9 11 12 13 14 15 16 17 19 20 21 22 23 24 25 26 27 28 29
0 1 2 3 4 5 7 8 9 11 12 13 14 15 16 17 19 20 21 22 23 24 25 26 27 28 29
0 3 8 11 12 13 15 16 21 24 29
0 3 6 8 10 11 12 13 15 16 18 21 24 29
0 3 6 8 10 11 12 13 15 16 18 21 24 29
0 1 2 3 4 5 7 8 9 11 12 13 14 15 16 17 19 20 21 22 23 24 25 26 27 28 29
0 1 2 3 4 5 7 8 9 11 12 13 14 15 16 17 19 20 21 22 23 24 25 26 27 28 29
0 1 2 3 4 5 7 8 9 11 12 13 14 15 16 17 19 20 21 22 23 24 25 26 27 28 29
6 -1 -1 5 -1 -1 -1 -1 7 -1 -1 1 11 2 -1 8 10 -1 -1 -1 -1 3 -1 -1 9 -1 -1 -1 -1 4 0
27 25 5 12 24 16 -1 19 22 17 -1 1 18 9 6 26 8 14 -1 13 11 21 2 3 15 23 10 20 7 4 0
11 8 21 2 9 5 -1 27 17 19 -1 23 16 22 24 1 25 4 -1 10 3 18 26 14 15 12 7 20 6 13 0
13 24 6 11 16 3 -1 18 2 8 -1 23 25 22 14 4 19 17 -1 21 1 7 15 27 9 26 10 12 20 5 0
9 -1 -1 12 0 -1 6 -1 15 -1 11 5 10 14 -1 7 13 -1 4 -1 -1 3 -1 -1 2 -1 -1 -1 -1 8 1
19 21 26 24 25 4 -1 8 3 16 -1 6 23 5 14 13 11 27 -1 17 9 18 2 1 12 7 10 22 20 15 0
5 -1 -1 12 -1 -1 1 -1 4 -1 -1 10 2 3 -1 6 8 -1 -1 -1 -1 7 -1 -1 9 -1 -1 -1 -1 11 0
7 -1 -1 6 -1 -1 -1 0 10 -1 -1 11 8 12 -1 4 5 -1 -1 -1 -1 9 -1 -1 2 -1 -1 -1 -1 3 1
14 21 19 18 24 27 -1 20 9 17 -1 13 4 8 7 1 23 15 -1 12 25 16 10 26 5 11 6 3 22 2 0
15 17 19 8 14 7 -1 27 26 4 -1 23 13 25 11 10 24 3 -1 1 21 2 5 20 18 22 16 9 6 12 0
26 3 2 21 23 25 -1 17 6 12 1 16 28 9 8 22 5 14 -1 10 7 19 15 13 4 24 27 18 11 20 0
6 -1 -1 8 -1 -1 5 -1 9 -1 14 13 2 1 -1 3 10 -1 4 -1 -1 7 -1 -1 12 -1 -1 -1 -1 11 0
8 -1 -1 7 -1 -1 -1 -1 11 -1 -1 5 2 3 -1 1 9 -1 -1 -1 -1 6 -1 -1 4 -1 -1 -1 -1 10 0
25 20 22 19 3 16 -1 9 21 10 -1 17 1 6 23 7 15 26 -1 12 11 4 27 14 18 5 8 13 2 24 0
7 -1 -1 4 -1 -1 -1 -1 5 -1 -1 9 3 12 1 8 10 -1 -1 -1 -1 11 -1 -1 6 -1 -1 -1 -1 2 0
4 -1 -1 5 -1 -1 -1 -1 7 -1 -1 1 3 6 -1 9 2 -1 -1 -1 -1 11 -1 -1 10 -1 -1 -1 -1 8 0
6 -1 -1 3 -1 -1 -1 -1 4 -1 -1 1 7 11 -1 9 8 -1 -1 -1 -1 2 -1 -1 5 -1 -1 -1 -1 10 0
15 20 5 1 3 18 -1 8 17 6 -1 23 14 9 7 4 10 25 -1 19 16 11 27 21 22 2 13 12 26 24 0
3 -1 -1 4 -1 -1 -1 -1 9 -1 -1 10 11 6 -1 2 8 -1 0 -1 -1 12 -1 -1 5 -1 -1 -1 -1 7 1
5 -1 -1 6 -1 -1 9 -1 14 -1 11 13 8 10 -1 3 7 -1 4 1 -1 2 -1 -1 12 -1 -1 -1 -1 15 0
15 3 16 1 11 27 -1 12 6 2 -1 20 7 8 22 24 14 26 -1 23 9 5 21 25 17 19 10 18 13 4 0
11 -1 -1 9 -1 -1 -1 -1 4 -1 -1 1 5 7 -1 10 6 -1 -1 -1 -1 3 -1 -1 8 -1 -1 -1 -1 2 0
22 14 18 15 6 16 -1 26 2 19 -1 10 23 1 21 13 11 5 -1 24 8 20 3 27 12 17 4 9 25 7 0
27 5 26 21 8 19 -1 3 23 16 -1 4 14 11 25 15 6 13 -1 9 2 22 18 1 10 24 20 17 12 7 0
5 -1 -1 7 -1 -1 -1 -1 9 -1 -1 10 11 1 -1 8 4 -1 -1 -1 -1 6 -1 -1 3 -1 -1 -1 -1 2 0
6 -1 -1 15 -1 -1 13 -1 3 -1 2 11 8 10 -1 12 4 -1 14 -1 -1 5 -1 -1 9 0 -1 -1 -1 7 1
7 -1 -1 2 -1 -1 11 -1 5 -1 12 4 9 15 -1 10 6 -1 13 -1 -1 8 -1 -1 14 -1 0 -1 -1 3 1
6 5 25 10 19 12 -1 21 27 13 -1 18 24 23 7 3 11 17 -1 8 26 4 14 20 16 1 9 15 2 22 0
17 8 21 6 27 16 -1 15 7 11 -1 14 12 19 26 1 10 5 -1 4 3 9 2 24 20 23 18 13 22 25 0
25 3 21 11 24 23 -1 19 17 5 -1 14 4 7 10 20 9 2 -1 12 13 16 22 15 8 26 1 27 18 6 0
