30
3
O O O A A B O A A B O O O O A B O O O B O A O A A O A O O O
B O A O O A O A A O O O B A O AB O A B O A O AB O B A O A A A
B O O
1 3 4 6 9 10 11 14 16 19 21 23 26
1 3 4 6 9 10 11 14 16 19 21 23 26
1 3 4 6 9 10 11 14 16 19 21 23 26
1 2 3 4 5 6 7 8 9 10 11 13 14 16 17 19 20 21 23 25 26 27 28 29
1 2 3 4 5 6 7 8 9 10 11 13 14 16 17 19 20 21 23 25 26 27 28 29
0 1 3 4 6 9 10 11 12 14 16 18 19 21 23 24 26
1 3 4 6 9 10 11 14 16 19 21 23 26
1 2 3 4 5 6 7 8 9 10 11 13 14 16 17 19 20 21 23 25 26 27 28 29
1 2 3 4 5 6 7 8 9 10 11 13 14 16 17 19 20 21 23 25 26 27 28 29
0 1 3 4 6 9 10 11 12 14 16 18 19 21 23 24 26
1 3 4 6 9 10 11 14 16 19 21 23 26
1 3 4 6 9 10 11 14 16 19 21 23 26
1 3 4 6 9 10 11 14 16 19 21 23 26
1 3 4 6 9 10 11 14 16 19 21 23 26
1 2 3 4 5 6 7 8 9 10 11 13 14 16 17 19 20 21 23 25 26 27 28 29
0 1 3 4 6 9 10 11 12 14 16 18 19 21 23 24 26
1 3 4 6 9 10 11 14 16 19 21 23 26
1 3 4 6 9 10 11 14 16 19 21 23 26
1 3 4 6 9 10 11 14 16 19 21 23 26
0 1 3 4 6 9 10 11 12 14 16 18 19 21 23 24 26
1 3 4 6 9 10 11 14 16 19 21 23 26
1 2 3 4 5 6 7 8 9 10 11 13 14 16 17 19 20 21 23 25 26 27 28 29
1 3 4 6 9 10 11 14 16 19 21 23 26
1 2 3 4 5 6 7 8 9 10 11 13 14 16 17 19 20 21 23 25 26 27 28 29
1 2 3 4 5 6 7 8 9 10 11 13 14 16 17 19 20 21 23 25 26 27 28 29
1 3 4 6 9 10 11 14 16 19 21 23 26
1 2 3 4 5 6 7 8 9 10 11 13 14 16 17 19 20 21 23 25 26 27 28 29
1 3 4 6 9 10 11 14 16 19 21 23 26
1 3 4 6 9 10 11 14 16 19 21 23 26
1 3 4 6 9 10 11 14 16 19 21 23 26
-1 3 -1 2 5 -1 1 -1 -1 11 10 7 -1 -1 6 -1 9 -1 -1 8 -1 13 -1 4 -1 -1 12 -1 -1 -1 0
-1 0 -1 9 12 -1 7 -1 -1 4 5 6 -1 -1 3 -1 13 -1 -1 2 -1 10 -1 11 -1 -1 8 -1 -1 -1 1
-1 7 -1 3 11 -1 8 -1 -1 9 10 12 -1 -1 13 -1 1 -1 -1 5 -1 2 -1 4 -1 -1 6 -1 -1 -1 0
-1 16 12 0 4 5 21 10 20 2 11 24 -1 9 15 -1 19 6 -1 8 3 23 -1 22 -1 13 14 17 7 18 1
-1 9 4 2 1 11 3 10 18 14 13 17 -1 23 8 -1 5 15 -1 7 12 19 -1 22 -1 24 21 20 16 6 0
7 3 -1 5 8 -1 11 -1 -1 12 13 4 16 -1 14 -1 17 -1 1 10 -1 15 -1 6 9 -1 2 -1 -1 -1 0
-1 2 -1 4 10 -1 1 -1 -1 9 8 6 -1 -1 11 -1 5 -1 -1 13 -1 7 -1 12 -1 -1 3 -1 -1 -1 0
-1 9 3 17 20 11 5 1 24 10 7 8 -1 2 21 -1 4 6 -1 23 15 12 -1 16 -1 13 14 22 18 19 0
-1 23 22 17 3 11 20 7 0 4 18 13 -1 24 6 -1 10 12 -1 15 9 19 -1 8 -1 16 14 2 5 21 1
9 15 -1 14 2 -1 8 -1 -1 0 16 3 6 -1 4 -1 13 -1 17 11 -1 12 -1 7 5 -1 10 -1 -1 -1 1
-1 12 -1 6 7 -1 9 -1 -1 5 1 11 -1 -1 8 -1 4 -1 -1 13 -1 3 -1 2 -1 -1 10 -1 -1 -1 0
-1 6 -1 7 8 -1 13 -1 -1 9 11 1 -1 -1 4 -1 12 -1 -1 2 -1 10 -1 3 -1 -1 5 -1 -1 -1 0
-1 13 -1 1 12 -1 3 -1 -1 8 7 10 -1 -1 6 -1 11 -1 -1 2 -1 9 -1 4 -1 -1 5 -1 -1 -1 0
-1 10 -1 13 1 -1 5 -1 -1 12 7 11 -1 -1 8 -1 9 -1 -1 2 -1 3 -1 4 -1 -1 6 -1 -1 -1 0
-1 20 18 24 16 21 15 19 2 6 7 23 -1 14 0 -1 17 13 -1 22 9 11 -1 5 -1 12 8 3 10 4 1
8 10 -1 17 4 -1 11 -1 -1 5 16 15 14 -1 1 -1 3 -1 12 9 -1 6 -1 13 2 -1 7 -1 -1 -1 0
-1 7 -1 6 12 -1 10 -1 -1 11 13 2 -1 -1 8 -1 1 -1 -1 4 -1 3 -1 5 -1 -1 9 -1 -1 -1 0
-1 7 -1 4 5 -1 8 -1 -1 11 1 3 -1 -1 2 -1 6 -1 -1 9 -1 10 -1 13 -1 -1 12 -1 -1 -1 0
-1 6 -1 4 13 -1 1 -1 -1 10 12 7 -1 -1 5 -1 8 -1 -1 11 -1 2 -1 3 -1 -1 9 -1 -1 -1 0
8 3 -1 14 5 -1 16 -1 -1 9 4 6 11 -1 10 -1 7 -1 13 0 -1 2 -1 15 17 -1 12 -1 -1 -1 1
-1 13 -1 4 8 -1 12 -1 -1 5 6 2 -1 -1 1 -1 7 -1 -1 3 -1 11 -1 10 -1 -1 9 -1 -1 -1 0
-1 7 2 18 8 15 6 10 12 5 3 19 -1 21 14 -1 20 9 -1 23 22 1 -1 4 -1 11 16 17 24 13 0
-1 9 -1 5 1 -1 8 -1 -1 13 3 10 -1 -1 4 -1 7 -1 -1 12 -1 2 -1 6 -1 -1 11 -1 -1 -1 0
-1 10 9 18 24 22 23 12 17 5 11 20 -1 19 8 -1 6 3 -1 7 21 2 -1 0 -1 15 16 4 14 13 1
-1 12 10 4 9 14 6 7 5 11 15 3 -1 23 13 -1 8 24 -1 20 22 2 -1 19 -1 17 16 18 21 1 0
-1 9 -1 13 7 -1 1 -1 -1 2 12 11 -1 -1 3 -1 5 -1 -1 6 -1 4 -1 10 -1 -1 8 -1 -1 -1 0
-1 24 21 2 8 4 19 7 14 17 20 5 -1 18 15 -1 10 16 -1 11 6 13 -1 23 -1 9 0 3 22 12 1
-1 7 -1 6 4 -1 9 -1 -1 2 10 13 -1 -1 5 -1 11 -1 -1 12 -1 1 -1 8 -1 -1 3 -1 -1 -1 0
-1 3 -1 5 11 -1 7 -1 -1 6 13 12 -1 -1 2 -1 8 -1 -1 10 -1 4 -1 1 -1 -1 9 -1 -1 -1 0
-1 13 -1 6 3 -1 11 -1 -1 4 1 12 -1 -1 5 -1 2 -1 -1 9 -1 10 -1 7 -1 -1 8 -1 -1 -1 0
