30
3
O A O O A A O O O O AB A B O O A O O O A B O O O B O A A O A
O A A A B O B O O O AB A A O A O A O O B A O O A O O A A A B
B AB O
0 5 7 8 9 13 15 17 18 21 22 24 25
0 1 2 3 5 7 8 9 11 12 13 14 15 16 17 18 20 21 22 23 24 25 26 27 28
0 5 7 8 9 13 15 17 18 21 22 24 25
0 5 7 8 9 13 15 17 18 21 22 24 25
0 1 2 3 5 7 8 9 11 12 13 14 15 16 17 18 20 21 22 23 24 25 26 27 28
0 1 2 3 5 7 8 9 11 12 13 14 15 16 17 18 20 21 22 23 24 25 26 27 28
0 5 7 8 9 13 15 17 18 21 22 24 25
0 5 7 8 9 13 15 17 18 21 22 24 25
0 5 7 8 9 13 15 17 18 21 22 24 25
0 5 7 8 9 13 15 17 18 21 22 24 25
0 1 2 3 4 5 6 7 8 9 10 11 12 13 14 15 16 17 18 19 20 21 22 23 24 25 26 27 28 29
0 1 2 3 5 7 8 9 11 12 13 14 15 16 17 18 20 21 22 23 24 25 26 27 28
0 4 5 6 7 8 9 13 15 17 18 19 21 22 24 25 29
0 5 7 8 9 13 15 17 18 21 22 24 25
0 5 7 8 9 13 15 17 18 21 22 24 25
0 1 2 3 5 7 8 9 11 12 13 14 15 16 17 18 20 21 22 23 24 25 26 27 28
0 5 7 8 9 13 15 17 18 21 22 24 25
0 5 7 8 9 13 15 17 18 21 22 24 25
0 5 7 8 9 13 15 17 18 21 22 24 25
0 1 2 3 5 7 8 9 11 12 13 14 15 16 17 18 20 21 22 23 24 25 26 27 28
0 4 5 6 7 8 9 13 15 17 18 19 21 22 24 25 29
0 5 7 8 9 13 15 17 18 21 22 24 25
0 5 7 8 9 13 15 17 18 21 22 24 25
0 5 7 8 9 13 15 17 18 21 22 24 25
0 4 5 6 7 8 9 13 15 17 18 19 21 22 24 25 29
0 5 7 8 9 13 15 17 18 21 22 24 25
0 1 2 3 5 7 8 9 11 12 13 14 15 16 17 18 20 21 22 23 24 25 26 27 28
0 1 2 3 5 7 8 9 11 12 13 14 15 16 17 18 20 21 22 23 24 25 26 27 28
0 5 7 8 9 13 15 17 18 21 22 24 25
0 1 2 3 5 7 8 9 11 12 13 14 15 16 17 18 20 21 22 23 24 25 26 27 28
1 -1 -1 -1 -1 7 -1 4 9 10 -1 -1 -1 3 -1 6 -1 5 2 -1 -1 12 11 -1 13 8 -1 -1 -1 -1 0
25 1 9 6 -1 23 -1 13 10 16 -1 5 17 12 20 3 15 4 11 -1 21 18 19 14 8 2 22 24 7 -1 0
3 -1 -1 -1 -1 8 -1 12 7 6 -1 -1 -1 9 -1 10 -1 13 1 -1 -1 5 11 -1 4 2 -1 -1 -1 -1 0
5 -1 -1 -1 -1 10 -1 8 13 7 -1 -1 -1 2 -1 11 -1 4 3 -1 -1 9 12 -1 6 1 -1 -1 -1 -1 0
6 20 10 18 -1 24 -1 14 9 25 -1 21 4 13 8 15 19 23 5 -1 7 17 3 12 16 11 1 2 22 -1 0
11 8 20 21 -1 1 -1 7 6 16 -1 15 3 2 22 14 19 24 5 -1 10 17 9 23 4 18 12 25 13 -1 0
1 -1 -1 -1 -1 5 -1 13 7 2 -1 -1 -1 3 -1 12 -1 10 8 -1 -1 9 6 -1 11 4 -1 -1 -1 -1 0
7 -1 -1 -1 -1 13 -1 1 3 10 -1 -1 -1 11 -1 6 -1 12 4 -1 -1 2 5 -1 9 8 -1 -1 -1 -1 0
11 -1 -1 -1 -1 9 -1 3 1 4 -1 -1 -1 10 -1 6 -1 5 7 -1 -1 12 13 -1 8 2 -1 -1 -1 -1 0
3 -1 -1 -1 -1 7 -1 2 8 0 -1 -1 -1 5 -1 4 -1 13 10 -1 -1 6 12 -1 11 9 -1 -1 -1 -1 1
23 8 17 22 24 6 26 25 12 9 1 28 13 7 4 30 10 11 2 3 15 5 14 19 21 18 20 29 27 16 0
25 24 12 23 -1 18 -1 8 2 14 -1 0 22 3 9 20 6 16 11 -1 15 21 10 4 17 19 7 5 13 -1 1
5 -1 -1 -1 6 15 11 12 1 7 -1 -1 -1 9 -1 14 -1 10 4 17 -1 8 2 -1 3 13 -1 -1 -1 16 0
12 -1 -1 -1 -1 8 -1 5 10 7 -1 -1 -1 1 -1 9 -1 11 6 -1 -1 3 2 -1 13 4 -1 -1 -1 -1 0
3 -1 -1 -1 -1 13 -1 6 11 1 -1 -1 -1 5 -1 9 -1 4 2 -1 -1 8 10 -1 7 12 -1 -1 -1 -1 0
18 12 7 16 -1 15 -1 2 10 11 -1 23 25 4 24 0 13 19 20 -1 21 9 3 5 6 8 17 14 22 -1 1
11 -1 -1 -1 -1 5 -1 9 13 1 -1 -1 -1 10 -1 4 -1 6 2 -1 -1 7 3 -1 12 8 -1 -1 -1 -1 0
4 -1 -1 -1 -1 7 -1 9 3 10 -1 -1 -1 13 -1 8 -1 0 2 -1 -1 11 6 -1 5 12 -1 -1 -1 -1 1
5 -1 -1 -1 -1 4 -1 8 13 3 -1 -1 -1 2 -1 9 -1 11 1 -1 -1 7 6 -1 12 10 -1 -1 -1 -1 0
9 17 14 24 -1 12 -1 13 19 22 -1 5 1 11 3 20 18 10 21 -1 6 2 4 15 25 7 23 8 16 -1 0
1 -1 -1 -1 2 10 11 17 15 3 -1 -1 -1 5 -1 8 -1 13 6 7 -1 12 14 -1 4 9 -1 -1 -1 16 0
9 -1 -1 -1 -1 7 -1 8 11 5 -1 -1 -1 12 -1 6 -1 2 13 -1 -1 0 4 -1 10 3 -1 -1 -1 -1 1
7 -1 -1 -1 -1 4 -1 2 11 13 -1 -1 -1 12 -1 3 -1 6 8 -1 -1 5 1 -1 10 9 -1 -1 -1 -1 0
11 -1 -1 -1 -1 6 -1 9 2 1 -1 -1 -1 4 -1 13 -1 7 8 -1 -1 5 10 -1 3 12 -1 -1 -1 -1 0
11 -1 -1 -1 5 17 9 14 13 3 -1 -1 -1 2 -1 4 -1 15 16 6 -1 7 10 -1 0 12 -1 -1 -1 8 1
5 -1 -1 -1 -1 6 -1 3 12 13 -1 -1 -1 11 -1 2 -1 8 10 -1 -1 9 4 -1 7 0 -1 -1 -1 -1 1
4 23 25 12 -1 18 -1 11 7 24 -1 3 5 9 14 17 19 15 21 -1 10 20 13 6 8 22 1 16 2 -1 0
9 12 21 8 -1 25 -1 23 18 10 -1 2 6 24 15 13 19 16 3 -1 5 7 17 4 22 14 11 1 20 -1 0
12 -1 -1 -1 -1 1 -1 4 3 2 -1 -1 -1 6 -1 8 -1 7 5 -1 -1 10 11 -1 9 13 -1 -1 -1 -1 0
8 10 17 4 -1 14 -1 1 7 11 -1 21 20 24 13 3 25 19 12 -1 22 2 16 15 23 9 18 6 5 -1 0
