30
3
B A A B A O A B O B A A A B O O B O O B B O A A O A O O A A
A O O A O AB A A O AB O A A A A A A A O O O O A O O B A O AB O
O O A
1 2 4 8 10 18 19 20 21 23 24 25 27 29
0 1 2 3 4 6 7 8 10 11 12 13 14 15 16 17 18 19 20 21 22 23 24 26 27 29
0 1 2 3 4 6 7 8 10 11 12 13 14 15 16 17 18 19 20 21 22 23 24 26 27 29
1 2 4 8 10 18 19 20 21 23 24 25 27 29
0 1 2 3 4 6 7 8 10 11 12 13 14 15 16 17 18 19 20 21 22 23 24 26 27 29
1 2 4 8 10 18 19 20 21 23 24 27 29
0 1 2 3 4 6 7 8 10 11 12 13 14 15 16 17 18 19 20 21 22 23 24 26 27 29
1 2 4 8 10 18 19 20 21 23 24 25 27 29
1 2 4 8 10 18 19 20 21 23 24 27 29
1 2 4 8 10 18 19 20 21 23 24 25 27 29
0 1 2 3 4 6 7 8 10 11 12 13 14 15 16 17 18 19 20 21 22 23 24 26 27 29
0 1 2 3 4 6 7 8 10 11 12 13 14 15 16 17 18 19 20 21 22 23 24 26 27 29
0 1 2 3 4 6 7 8 10 11 12 13 14 15 16 17 18 19 20 21 22 23 24 26 27 29
1 2 4 8 10 18 19 20 21 23 24 25 27 29
1 2 4 8 10 18 19 20 21 23 24 27 29
1 2 4 8 10 18 19 20 21 23 24 27 29
1 2 4 8 10 18 19 20 21 23 24 25 27 29
1 2 4 8 10 18 19 20 21 23 24 27 29
1 2 4 8 10 18 19 20 21 23 24 27 29
1 2 4 8 10 18 19 20 21 23 24 25 27 29
1 2 4 8 10 18 19 20 21 23 24 25 27 29
1 2 4 8 10 18 19 20 21 23 24 27 29
0 1 2 3 4 6 7 8 10 11 12 13 14 15 16 17 18 19 20 21 22 23 24 26 27 29
0 1 2 3 4 6 7 8 10 11 12 13 14 15 16 17 18 19 20 21 22 23 24 26 27 29
1 2 4 8 10 18 19 20 21 23 24 27 29
0 1 2 3 4 6 7 8 10 11 12 13 14 15 16 17 18 19 20 21 22 23 24 26 27 29
1 2 4 8 10 18 19 20 21 23 24 27 29
1 2 4 8 10 18 19 20 21 23 24 27 29
0 1 2 3 4 6 7 8 10 11 12 13 14 15 16 17 18 19 20 21 22 23 24 26 27 29
0 1 2 3 4 6 7 8 10 11 12 13 14 15 16 17 18 19 20 21 22 23 24 26 27 29
-1 1 8 -1 11 -1 -1 -1 13 -1 9 -1 -1 -1 -1 -1 -1 -1 7 5 10 14 -1 2 3 6 -1 12 -1 4 0
26 1 13 8 23 -1 3 7 16 -1 21 2 5 6 10 11 9 19 24 14 18 22 20 17 25 -1 15 4 -1 12 0
9 24 0 11 6 -1 4 5 8 -1 23 21 10 2 17 18 12 13 3 19 20 7 26 25 15 -1 14 22 -1 16 1
-1 4 13 -1 8 -1 -1 -1 1 -1 5 -1 -1 -1 -1 -1 -1 -1 7 9 3 11 -1 2 10 14 -1 6 -1 12 0
26 23 9 25 0 -1 5 3 20 -1 6 22 2 21 8 11 12 16 19 10 15 14 17 13 7 -1 18 24 -1 4 1
-1 4 7 -1 13 -1 -1 -1 9 -1 6 -1 -1 -1 -1 -1 -1 -1 8 2 11 1 -1 3 10 -1 -1 5 -1 12 0
21 19 25 17 6 -1 1 22 9 -1 3 18 20 13 7 5 11 10 12 8 24 4 14 23 26 -1 2 15 -1 16 0
-1 6 7 -1 14 -1 -1 -1 12 -1 3 -1 -1 -1 -1 -1 -1 -1 11 13 1 5 -1 2 8 4 -1 10 -1 9 0
-1 7 12 -1 10 -1 -1 -1 0 -1 9 -1 -1 -1 -1 -1 -1 -1 8 6 11 2 -1 13 4 -1 -1 5 -1 3 1
-1 12 3 -1 5 -1 -1 -1 4 -1 14 -1 -1 -1 -1 -1 -1 -1 9 10 6 13 -1 7 2 1 -1 11 -1 8 0
17 15 21 14 9 -1 22 11 23 -1 1 4 5 8 12 7 10 20 25 6 13 26 3 2 16 -1 18 19 -1 24 0
15 6 5 3 22 -1 26 10 9 -1 25 1 11 17 12 2 4 7 23 18 16 13 21 14 8 -1 24 20 -1 19 0
11 17 8 12 10 -1 3 21 2 -1 24 23 1 7 18 20 4 22 5 9 19 6 13 16 26 -1 25 15 -1 14 0
-1 7 3 -1 2 -1 -1 -1 4 -1 8 -1 -1 -1 -1 -1 -1 -1 5 12 6 9 -1 1 13 10 -1 14 -1 11 0
-1 11 10 -1 5 -1 -1 -1 4 -1 9 -1 -1 -1 -1 -1 -1 -1 7 12 1 8 -1 13 6 -1 -1 3 -1 2 0
-1 6 3 -1 13 -1 -1 -1 1 -1 8 -1 -1 -1 -1 -1 -1 -1 5 10 2 12 -1 9 11 -1 -1 4 -1 7 0
-1 8 7 -1 13 -1 -1 -1 12 -1 14 -1 -1 -1 -1 -1 -1 -1 9 10 4 3 -1 5 2 11 -1 1 -1 6 0
-1 11 7 -1 6 -1 -1 -1 5 -1 13 -1 -1 -1 -1 -1 -1 -1 12 9 2 3 -1 1 10 -1 -1 4 -1 8 0
-1 10 2 -1 5 -1 -1 -1 3 -1 9 -1 -1 -1 -1 -1 -1 -1 1 12 6 13 -1 7 8 -1 -1 11 -1 4 0
-1 2 10 -1 5 -1 -1 -1 7 -1 8 -1 -1 -1 -1 -1 -1 -1 6 0 12 9 -1 4 3 13 -1 14 -1 11 1
-1 13 14 -1 7 -1 -1 -1 6 -1 3 -1 -1 -1 -1 -1 -1 -1 11 8 1 12 -1 9 10 5 -1 2 -1 4 0
-1 7 8 -1 3 -1 -1 -1 10 -1 6 -1 -1 -1 -1 -1 -1 -1 5 12 4 1 -1 13 11 -1 -1 2 -1 9 0
22 24 6 3 10 -1 7 11 20 -1 18 23 16 17 26 19 25 2 8 14 13 12 1 5 21 -1 15 9 -1 4 0
15 10 12 14 7 -1 23 4 20 -1 3 21 17 11 5 9 24 26 22 8 25 6 18 1 19 -1 13 16 -1 2 0
-1 12 9 -1 8 -1 -1 -1 2 -1 11 -1 -1 -1 -1 -1 -1 -1 7 10 3 4 -1 5 1 -1 -1 13 -1 6 0
22 5 9 14 26 -1 23 24 19 -1 6 25 16 17 11 10 2 3 18 15 7 20 1 13 8 -1 12 4 -1 21 0
-1 1 11 -1 2 -1 -1 -1 6 -1 8 -1 -1 -1 -1 -1 -1 -1 10 4 7 9 -1 12 5 -1 -1 13 -1 3 0
-1 11 6 -1 12 -1 -1 -1 9 -1 10 -1 -1 -1 -1 -1 -1 -1 13 7 8 5 -1 2 4 -1 -1 0 -1 3 1
8 26 11 20 5 -1 1 9 17 -1 21 15 4 13 23 19 6 16 12 7 10 25 18 22 2 -1 3 14 -1 24 0
13 23 7 14 3 -1 2 26 18 -1 19 8 17 21 9 15 10 24 12 11 5 6 4 20 16 -1 25 22 -1 1 0
