30
3
O A A A A O O A B A B B A A O A B O O A A A A A B O O O A O
O O O A A O A O A A O B O O A A A B O O A O A A O O O AB O A
O O A
0 1 2 5 7 10 12 13 18 19 21 24 25 26 28
0 1 2 3 4 5 6 7 8 9 10 12 13 14 15 16 18 19 20 21 22 23 24 25 26 28 29
0 1 2 3 4 5 6 7 8 9 10 12 13 14 15 16 18 19 20 21 22 23 24 25 26 28 29
0 1 2 3 4 5 6 7 8 9 10 12 13 14 15 16 18 19 20 21 22 23 24 25 26 28 29
0 1 2 3 4 5 6 7 8 9 10 12 13 14 15 16 18 19 20 21 22 23 24 25 26 28 29
0 1 2 5 7 10 12 13 18 19 21 24 25 26 28
0 1 2 5 7 10 12 13 18 19 21 24 25 26 28
0 1 2 3 4 5 6 7 8 9 10 12 13 14 15 16 18 19 20 21 22 23 24 25 26 28 29
0 1 2 5 7 10 11 12 13 17 18 19 21 24 25 26 28
0 1 2 3 4 5 6 7 8 9 10 12 13 14 15 16 18 19 20 21 22 23 24 25 26 28 29
0 1 2 5 7 10 11 12 13 17 18 19 21 24 25 26 28
0 1 2 5 7 10 11 12 13 17 18 19 21 24 25 26 28
0 1 2 3 4 5 6 7 8 9 10 12 13 14 15 16 18 19 20 21 22 23 24 25 26 28 29
0 1 2 3 4 5 6 7 8 9 10 12 13 14 15 16 18 19 20 21 22 23 24 25 26 28 29
0 1 2 5 7 10 12 13 18 19 21 24 25 26 28
0 1 2 3 4 5 6 7 8 9 10 12 13 14 15 16 18 19 20 21 22 23 24 25 26 28 29
0 1 2 5 7 10 11 12 13 17 18 19 21 24 25 26 28
0 1 2 5 7 10 12 13 18 19 21 24 25 26 28
0 1 2 5 7 10 12 13 18 19 21 24 25 26 28
0 1 2 3 4 5 6 7 8 9 10 12 13 14 15 16 18 19 20 21 22 23 24 25 26 28 29
0 1 2 3 4 5 6 7 8 9 10 12 13 14 15 16 18 19 20 21 22 23 24 25 26 28 29
0 1 2 3 4 5 6 7 8 9 10 12 13 14 15 16 18 19 20 21 22 23 24 25 26 28 29
0 1 2 3 4 5 6 7 8 9 10 12 13 14 15 16 18 19 20 21 22 23 24 25 26 28 29
0 1 2 3 4 5 6 7 8 9 10 12 13 14 15 16 18 19 20 21 22 23 24 25 26 28 29
0 1 2 5 7 10 11 12 13 17 18 19 21 24 25 26 28
0 1 2 5 7 10 12 13 18 19 21 24 25 26 28
0 1 2 5 7 10 12 13 18 19 21 24 25 26 28
0 1 2 5 7 10 12 13 18 19 21 24 25 26 28
0 1 2 3 4 5 6 7 8 9 10 12 13 14 15 16 18 19 20 21 22 23 24 25 26 28 29
0 1 2 5 7 10 12 13 18 19 21 24 25 26 28
1 7 12 -1 -1 3 -1 9 -1 -1 2 -1 8 6 -1 -1 -1 -1 5 11 -1 4 -1 -1 13 10 15 -1 14 -1 0
24 0 11 10 25 27 2 23 7 14 17 -1 20 22 21 6 4 -1 5 15 16 19 3 26 8 13 12 -1 9 18 1
11 10 1 3 16 14 20 9 2 8 18 -1 6 17 24 22 7 -1 5 12 13 21 26 19 15 27 4 -1 25 23 0
11 3 19 0 22 15 12 26 10 18 17 -1 24 20 7 21 2 -1 14 27 9 5 8 25 13 6 23 -1 16 4 1
3 20 23 14 1 27 8 6 7 12 19 -1 25 18 15 26 13 -1 11 17 5 9 10 21 2 16 22 -1 24 4 0
9 8 11 -1 -1 1 -1 14 -1 -1 13 -1 5 3 -1 -1 -1 -1 7 6 -1 12 -1 -1 15 4 10 -1 2 -1 0
9 11 5 -1 -1 2 -1 13 -1 -1 1 -1 3 6 -1 -1 -1 -1 4 7 -1 10 -1 -1 8 14 15 -1 12 -1 0
17 2 25 19 3 5 10 0 7 4 6 -1 8 24 21 9 23 -1 18 11 14 20 26 12 27 16 15 -1 22 13 1
15 8 1 -1 -1 11 -1 13 -1 -1 2 4 10 7 -1 -1 -1 3 12 5 -1 9 -1 -1 17 6 16 -1 14 -1 0
2 18 10 25 13 7 17 22 15 0 26 -1 6 19 4 5 11 -1 14 16 12 21 24 23 8 9 20 -1 3 27 1
13 17 10 -1 -1 3 -1 12 -1 -1 1 2 16 14 -1 -1 -1 7 6 8 -1 5 -1 -1 9 4 11 -1 15 -1 0
6 7 15 -1 -1 13 -1 16 -1 -1 11 1 3 12 -1 -1 -1 8 2 17 -1 4 -1 -1 14 5 10 -1 9 -1 0
12 6 3 10 16 24 17 22 2 9 14 -1 1 19 23 26 7 -1 8 11 21 13 27 15 18 4 5 -1 25 20 0
4 3 27 10 19 7 6 13 12 9 17 -1 24 0 25 11 5 -1 2 14 18 8 16 22 26 20 15 -1 21 23 1
6 2 4 -1 -1 8 -1 1 -1 -1 14 -1 5 12 -1 -1 -1 -1 15 13 -1 10 -1 -1 11 7 3 -1 9 -1 0
22 21 20 2 8 19 3 4 6 24 5 -1 18 16 11 0 7 -1 15 10 14 25 23 13 17 26 27 -1 9 12 1
12 15 10 -1 -1 4 -1 5 -1 -1 13 1 11 8 -1 -1 -1 3 6 16 -1 9 -1 -1 2 17 14 -1 7 -1 0
14 11 7 -1 -1 13 -1 1 -1 -1 3 -1 2 8 -1 -1 -1 -1 5 10 -1 4 -1 -1 15 9 6 -1 12 -1 0
6 15 9 -1 -1 14 -1 3 -1 -1 12 -1 7 10 -1 -1 -1 -1 0 5 -1 8 -1 -1 2 4 11 -1 13 -1 1
9 2 13 16 26 20 23 10 11 22 5 -1 8 12 21 17 18 -1 14 0 15 6 19 24 25 4 3 -1 7 27 1
24 7 2 17 14 27 21 16 19 6 5 -1 23 11 18 8 15 -1 22 9 1 10 25 4 3 26 12 -1 20 13 0
23 3 26 24 2 10 6 20 5 11 12 -1 19 27 22 15 25 -1 9 17 8 1 18 14 16 4 7 -1 21 13 0
24 5 2 9 4 25 16 11 27 8 23 -1 6 12 3 21 22 -1 14 7 17 18 1 13 15 10 20 -1 19 26 0
12 15 9 4 23 18 6 14 5 10 27 -1 7 3 11 26 16 -1 22 17 20 2 25 1 21 8 24 -1 13 19 0
6 17 12 -1 -1 4 -1 11 -1 -1 15 7 10 3 -1 -1 -1 13 16 9 -1 2 -1 -1 1 5 14 -1 8 -1 0
7 4 6 -1 -1 5 -1 15 -1 -1 3 -1 10 9 -1 -1 -1 -1 14 11 -1 12 -1 -1 2 1 13 -1 8 -1 0
12 4 2 -1 -1 10 -1 14 -1 -1 5 -1 11 7 -1 -1 -1 -1 15 3 -1 8 -1 -1 6 9 0 -1 13 -1 1
4 8 9 -1 -1 6 -1 7 -1 -1 2 -1 1 15 -1 -1 -1 -1 5 12 -1 10 -1 -1 3 14 11 -1 13 -1 0
23 20 14 8 24 25 15 18 13 5 10 -1 16 2 22 19 3 -1 6 7 17 26 11 21 9 4 12 -1 0 27 1
13 6 15 -1 -1 12 -1 3 -1 -1 5 -1 8 14 -1 -1 -1 -1 9 11 -1 1 -1 -1 10 4 7 -1 2 -1 0
