30
3
A O O A A O B A O O O A A O O A O O O B A O O B A A A A B O
O O A B O O A O AB O O A A A A O O O A O O O O O A O A A A A
A O B
0 1 2 4 5 6 7 9 10 11 12 13 14 15 16 17 18 19 20 21 22 23 24 25 26 27 28 29
0 1 4 5 7 9 10 15 16 17 19 20 21 22 23 25
0 1 4 5 7 9 10 15 16 17 19 20 21 22 23 25
0 1 2 4 5 6 7 9 10 11 12 13 14 15 16 17 18 19 20 21 22 23 24 25 26 27 28 29
0 1 2 4 5 6 7 9 10 11 12 13 14 15 16 17 18 19 20 21 22 23 24 25 26 27 28 29
0 1 4 5 7 9 10 15 16 17 19 20 21 22 23 25
0 1 3 4 5 7 9 10 15 16 17 19 20 21 22 23 25
0 1 2 4 5 6 7 9 10 11 12 13 14 15 16 17 18 19 20 21 22 23 24 25 26 27 28 29
0 1 4 5 7 9 10 15 16 17 19 20 21 22 23 25
0 1 4 5 7 9 10 15 16 17 19 20 21 22 23 25
0 1 4 5 7 9 10 15 16 17 19 20 21 22 23 25
0 1 2 4 5 6 7 9 10 11 12 13 14 15 16 17 18 19 20 21 22 23 24 25 26 27 28 29
0 1 2 4 5 6 7 9 10 11 12 13 14 15 16 17 18 19 20 21 22 23 24 25 26 27 28 29
0 1 4 5 7 9 10 15 16 17 19 20 21 22 23 25
0 1 4 5 7 9 10 15 16 17 19 20 21 22 23 25
0 1 2 4 5 6 7 9 10 11 12 13 14 15 16 17 18 19 20 21 22 23 24 25 26 27 28 29
0 1 4 5 7 9 10 15 16 17 19 20 21 22 23 25
0 1 4 5 7 9 10 15 16 17 19 20 21 22 23 25
0 1 4 5 7 9 10 15 16 17 19 20 21 22 23 25
0 1 3 4 5 7 9 10 15 16 17 19 20 21 22 23 25
0 1 2 4 5 6 7 9 10 11 12 13 14 15 16 17 18 19 20 21 22 23 24 25 26 27 28 29
0 1 4 5 7 9 10 15 16 17 19 20 21 22 23 25
0 1 4 5 7 9 10 15 16 17 19 20 21 22 23 25
0 1 3 4 5 7 9 10 15 16 17 19 20 21 22 23 25
0 1 2 4 5 6 7 9 10 11 12 13 14 15 16 17 18 19 20 21 22 23 24 25 26 27 28 29
0 1 2 4 5 6 7 9 10 11 12 13 14 15 16 17 18 19 20 21 22 23 24 25 26 27 28 29
0 1 2 4 5 6 7 9 10 11 12 13 14 15 16 17 18 19 20 21 22 23 24 25 26 27 28 29
0 1 2 4 5 6 7 9 10 11 12 13 14 15 16 17 18 19 20 21 22 23 24 25 26 27 28 29
0 1 3 4 5 7 9 10 15 16 17 19 20 21 22 23 25
0 1 4 5 7 9 10 15 16 17 19 20 21 22 23 25
1 6 19 -1 18 3 24 8 -1 10 22 15 9 2 12 28 21 25 23 7 13 17 26 4 20 27 16 11 5 14 0
2 1 -1 -1 9 14 -1 16 -1 15 8 -1 -1 -1 -1 4 5 6 -1 12 11 10 3 13 -1 7 -1 -1 -1 -1 0
16 2 -1 -1 11 9 -1 10 -1 5 1 -1 -1 -1 -1 13 3 14 -1 8 12 4 7 15 -1 6 -1 -1 -1 -1 0
4 11 6 -1 2 27 22 10 -1 18 13 12 23 20 9 7 19 26 3 16 24 28 1 21 8 17 15 14 5 25 0
3 5 11 -1 0 9 8 21 -1 6 18 12 22 20 17 10 14 2 26 24 4 23 19 27 16 7 15 13 28 25 1
4 11 -1 -1 7 1 -1 2 -1 6 15 -1 -1 -1 -1 16 10 5 -1 12 9 3 14 13 -1 8 -1 -1 -1 -1 0
2 5 -1 3 6 9 -1 14 -1 4 7 -1 -1 -1 -1 11 12 1 -1 15 10 13 16 17 -1 8 -1 -1 -1 -1 0
2 27 25 -1 28 5 3 0 -1 24 22 26 17 23 19 20 16 11 12 7 18 9 4 13 15 14 10 8 21 6 1
14 16 -1 -1 1 15 -1 10 -1 3 13 -1 -1 -1 -1 6 12 2 -1 7 11 9 4 5 -1 8 -1 -1 -1 -1 0
13 16 -1 -1 2 15 -1 6 -1 1 10 -1 -1 -1 -1 11 8 9 -1 14 5 12 7 3 -1 4 -1 -1 -1 -1 0
9 5 -1 -1 11 7 -1 13 -1 16 0 -1 -1 -1 -1 8 2 10 -1 12 4 3 14 6 -1 15 -1 -1 -1 -1 1
4 15 16 -1 18 22 24 7 -1 3 6 0 25 27 20 19 8 14 23 2 10 9 21 17 28 11 26 12 13 5 1
3 25 5 -1 9 28 6 8 -1 2 12 20 0 10 26 23 13 17 11 27 15 14 24 18 7 21 22 16 4 19 1
14 10 -1 -1 15 16 -1 3 -1 2 1 -1 -1 -1 -1 13 8 7 -1 11 12 5 4 6 -1 9 -1 -1 -1 -1 0
12 7 -1 -1 2 4 -1 8 -1 1 16 -1 -1 -1 -1 6 13 9 -1 14 5 11 10 15 -1 3 -1 -1 -1 -1 0
24 17 18 -1 19 7 23 21 -1 27 25 28 10 26 20 1 11 13 6 2 5 12 9 8 22 14 3 4 15 16 0
6 3 -1 -1 4 10 -1 5 -1 13 8 -1 -1 -1 -1 12 0 11 -1 7 16 9 15 14 -1 2 -1 -1 -1 -1 1
12 8 -1 -1 9 14 -1 4 -1 7 3 -1 -1 -1 -1 11 10 0 -1 15 16 13 5 2 -1 6 -1 -1 -1 -1 1
6 15 -1 -1 10 8 -1 16 -1 1 7 -1 -1 -1 -1 14 9 11 -1 4 13 2 12 3 -1 5 -1 -1 -1 -1 0
9 15 -1 3 4 13 -1 16 -1 5 12 -1 -1 -1 -1 8 10 2 -1 1 14 11 7 17 -1 6 -1 -1 -1 -1 0
20 8 13 -1 2 11 12 15 -1 22 14 5 21 3 24 17 6 25 10 19 1 7 28 18 27 4 26 9 16 23 0
14 10 -1 -1 3 8 -1 9 -1 16 2 -1 -1 -1 -1 15 13 11 -1 7 5 0 4 12 -1 6 -1 -1 -1 -1 1
8 6 -1 -1 11 4 -1 5 -1 14 15 -1 -1 -1 -1 7 9 16 -1 2 10 12 0 3 -1 13 -1 -1 -1 -1 1
4 6 -1 3 7 13 -1 10 -1 15 9 -1 -1 -1 -1 16 8 2 -1 11 5 17 14 0 -1 12 -1 -1 -1 -1 1
13 25 17 -1 7 14 6 22 -1 16 19 21 20 12 10 8 28 5 18 3 9 27 23 24 1 11 2 26 4 15 0
21 22 7 -1 20 3 17 11 -1 12 28 5 18 26 23 27 10 24 14 16 15 6 2 9 25 0 4 13 19 8 1
18 3 6 -1 17 16 25 23 -1 28 8 20 9 15 13 22 7 2 10 21 26 24 5 14 19 4 1 12 27 11 0
24 23 10 -1 7 14 9 22 -1 8 25 15 17 6 5 20 27 13 12 19 21 16 4 11 2 26 28 0 3 18 1
2 10 -1 14 12 3 -1 15 -1 6 4 -1 -1 -1 -1 8 7 9 -1 16 13 1 17 11 -1 5 -1 -1 -1 -1 0
15 4 -1 -1 12 7 -1 2 -1 10 3 -1 -1 -1 -1 14 5 6 -1 1 16 13 8 11 -1 9 -1 -1 -1 -1 0
