30
3
O O B A A O O O O A B O A O O O A O O O O A A O O O O A O O
O O A A AB B A A A B O O O O B O B B B A O O A O A O O A A O
B O O
0 1 10 11 12 13 15 20 21 23 25 26 29
0 1 10 11 12 13 15 20 21 23 25 26 29
0 1 5 9 10 11 12 13 14 15 16 17 18 20 21 23 25 26 29
0 1 2 3 6 7 8 10 11 12 13 15 19 20 21 22 23 24 25 26 27 28 29
0 1 2 3 6 7 8 10 11 12 13 15 19 20 21 22 23 24 25 26 27 28 29
0 1 10 11 12 13 15 20 21 23 25 26 29
0 1 10 11 12 13 15 20 21 23 25 26 29
0 1 10 11 12 13 15 20 21 23 25 26 29
0 1 10 11 12 13 15 20 21 23 25 26 29
0 1 2 3 6 7 8 10 11 12 13 15 19 20 21 22 23 24 25 26 27 28 29
0 1 5 9 10 11 12 13 14 15 16 17 18 20 21 23 25 26 29
0 1 10 11 12 13 15 20 21 23 25 26 29
0 1 2 3 6 7 8 10 11 12 13 15 19 20 21 22 23 24 25 26 27 28 29
0 1 10 11 12 13 15 20 21 23 25 26 29
0 1 10 11 12 13 15 20 21 23 25 26 29
0 1 10 11 12 13 15 20 21 23 25 26 29
0 1 2 3 6 7 8 10 11 12 13 15 19 20 21 22 23 24 25 26 27 28 29
0 1 10 11 12 13 15 20 21 23 25 26 29
0 1 10 11 12 13 15 20 21 23 25 26 29
0 1 10 11 12 13 15 20 21 23 25 26 29
0 1 10 11 12 13 15 20 21 23 25 26 29
0 1 2 3 6 7 8 10 11 12 13 15 19 20 21 22 23 24 25 26 27 28 29
0 1 2 3 6 7 8 10 11 12 13 15 19 20 21 22 23 24 25 26 27 28 29
0 1 10 11 12 13 15 20 21 23 25 26 29
0 1 10 11 12 13 15 20 21 23 25 26 29
0 1 10 11 12 13 15 20 21 23 25 26 29
0 1 10 11 12 13 15 20 21 23 25 26 29
0 1 2 3 6 7 8 10 11 12 13 15 19 20 21 22 23 24 25 26 27 28 29
0 1 10 11 12 13 15 20 21 23 25 26 29
0 1 10 11 12 13 15 20 21 23 25 26 29
11 10 -1 -1 -1 -1 -1 -1 -1 -1 2 13 7 5 -1 3 -1 -1 -1 -1 6 9 -1 8 -1 4 12 -1 -1 1 0
1 6 -1 -1 -1 -1 -1 -1 -1 -1 8 13 3 11 -1 9 -1 -1 -1 -1 12 10 -1 7 -1 2 5 -1 -1 4 0
16 19 0 -1 -1 20 -1 -1 -1 12 17 13 6 4 14 10 3 18 11 -1 7 8 -1 9 -1 15 5 -1 -1 2 1
5 18 23 11 -1 -1 9 8 2 -1 16 10 12 1 -1 13 -1 -1 -1 6 17 15 20 3 7 22 19 21 14 4 0
9 23 6 2 0 -1 22 24 15 -1 17 14 4 10 -1 18 -1 -1 -1 11 19 21 20 7 12 5 8 13 16 3 1
8 11 -1 -1 -1 0 -1 -1 -1 -1 5 2 9 12 -1 4 -1 -1 -1 -1 3 13 -1 10 -1 14 6 -1 -1 7 1
3 14 -1 -1 -1 -1 1 -1 -1 -1 6 12 13 5 -1 11 -1 -1 -1 -1 9 7 -1 2 -1 4 8 -1 -1 10 0
9 10 -1 -1 -1 -1 -1 1 -1 -1 3 2 12 7 -1 5 -1 -1 -1 -1 14 13 -1 8 -1 6 4 -1 -1 11 0
11 4 -1 -1 -1 -1 -1 -1 0 -1 12 8 5 10 -1 6 -1 -1 -1 -1 13 9 -1 7 -1 2 3 -1 -1 14 1
6 18 24 12 -1 -1 16 10 8 0 20 21 15 14 -1 7 -1 -1 -1 5 3 4 23 17 9 22 19 11 13 2 1
18 14 -1 -1 -1 12 -1 -1 -1 2 4 6 16 7 10 8 3 1 11 -1 13 15 -1 9 -1 19 5 -1 -1 17 0
11 6 -1 -1 -1 -1 -1 -1 -1 -1 2 5 10 4 -1 9 -1 -1 -1 -1 7 12 -1 1 -1 3 13 -1 -1 8 0
19 14 16 10 -1 -1 6 17 9 -1 12 4 15 1 -1 7 -1 -1 -1 5 22 20 23 13 2 8 3 11 18 21 0
1 7 -1 -1 -1 -1 -1 -1 -1 -1 3 4 12 5 -1 8 -1 -1 -1 -1 6 11 -1 10 -1 2 13 -1 -1 9 0
8 14 -1 -1 -1 -1 -1 -1 -1 -1 4 7 2 9 0 12 -1 -1 -1 -1 10 3 -1 5 -1 11 6 -1 -1 13 1
10 11 -1 -1 -1 -1 -1 -1 -1 -1 5 3 7 12 -1 13 -1 -1 -1 -1 8 4 -1 6 -1 1 9 -1 -1 2 0
8 17 23 19 -1 -1 21 6 22 -1 4 7 3 10 -1 2 1 -1 -1 12 5 9 18 11 16 24 13 14 15 20 0
14 10 -1 -1 -1 -1 -1 -1 -1 -1 12 7 8 2 -1 5 -1 1 -1 -1 4 11 -1 3 -1 6 13 -1 -1 9 0
2 10 -1 -1 -1 -1 -1 -1 -1 -1 9 6 12 3 -1 4 -1 -1 1 -1 11 7 -1 8 -1 13 14 -1 -1 5 0
3 5 -1 -1 -1 -1 -1 -1 -1 -1 6 4 10 8 -1 12 -1 -1 -1 1 2 14 -1 9 -1 7 11 -1 -1 13 0
1 7 -1 -1 -1 -1 -1 -1 -1 -1 12 8 4 2 -1 9 -1 -1 -1 -1 13 6 -1 10 -1 3 5 -1 -1 11 0
16 23 17 22 -1 -1 4 7 5 -1 19 1 9 18 -1 21 -1 -1 -1 20 11 13 10 3 2 15 6 8 14 12 0
9 17 16 21 -1 -1 7 8 20 -1 23 6 13 22 -1 19 -1 -1 -1 11 12 15 18 3 10 1 14 5 4 2 0
11 13 -1 -1 -1 -1 -1 -1 -1 -1 2 3 9 6 -1 10 -1 -1 -1 -1 4 8 -1 5 -1 1 7 -1 -1 12 0
4 11 -1 -1 -1 -1 -1 -1 -1 -1 7 8 5 12 -1 2 -1 -1 -1 -1 9 6 -1 13 0 14 3 -1 -1 10 1
11 10 -1 -1 -1 -1 -1 -1 -1 -1 1 6 3 9 -1 13 -1 -1 -1 -1 2 8 -1 4 -1 5 7 -1 -1 12 0
3 7 -1 -1 -1 -1 -1 -1 -1 -1 11 13 2 10 -1 12 -1 -1 -1 -1 6 4 -1 1 -1 9 5 -1 -1 8 0
4 5 2 11 -1 -1 22 8 12 -1 9 10 20 6 -1 13 -1 -1 -1 15 7 3 1 19 23 18 21 16 17 14 0
13 2 -1 -1 -1 -1 -1 -1 -1 -1 12 3 14 8 -1 6 -1 -1 -1 -1 5 7 -1 11 -1 4 9 -1 1 10 0
2 10 -1 -1 -1 -1 -1 -1 -1 -1 5 13 11 3 -1 8 -1 -1 -1 -1 12 7 -1 6 -1 4 9 -1 -1 1 0
