30
3
O A O AB O AB A O A O O A O A A AB O O O O A A A O A O B B O A
A A A A B O O A A O A O O O A O A O O A O A O O A A B A O A
A B A
5 6 9 11 12 13 15 17 18 20 22 23 28
0 1 2 3 5 6 7 8 9 10 11 12 13 14 15 16 17 18 19 20 21 22 23 24 25 27 28 29
5 6 9 11 12 13 15 17 18 20 22 23 28
0 1 2 3 4 5 6 7 8 9 10 11 12 13 14 15 16 17 18 19 20 21 22 23 24 25 26 27 28 29
5 6 9 11 12 13 15 17 18 20 22 23 28
0 1 2 3 4 5 6 7 8 9 10 11 12 13 14 15 16 17 18 19 20 21 22 23 24 25 26 27 28 29
0 1 2 3 5 6 7 8 9 10 11 12 13 14 15 16 17 18 19 20 21 22 23 24 25 27 28 29
5 6 9 11 12 13 15 17 18 20 22 23 28
0 1 2 3 5 6 7 8 9 10 11 12 13 14 15 16 17 18 19 20 21 22 23 24 25 27 28 29
5 6 9 11 12 13 15 17 18 20 22 23 28
5 6 9 11 12 13 15 17 18 20 22 23 28
0 1 2 3 5 6 7 8 9 10 11 12 13 14 15 16 17 18 19 20 21 22 23 24 25 27 28 29
5 6 9 11 12 13 15 17 18 20 22 23 28
0 1 2 3 5 6 7 8 9 10 11 12 13 14 15 16 17 18 19 20 21 22 23 24 25 27 28 29
0 1 2 3 5 6 7 8 9 10 11 12 13 14 15 16 17 18 19 20 21 22 23 24 25 27 28 29
0 1 2 3 4 5 6 7 8 9 10 11 12 13 14 15 16 17 18 19 20 21 22 23 24 25 26 27 28 29
5 6 9 11 12 13 15 17 18 20 22 23 28
5 6 9 11 12 13 15 17 18 20 22 23 28
5 6 9 11 12 13 15 17 18 20 22 23 28
5 6 9 11 12 13 15 17 18 20 22 23 28
0 1 2 3 5 6 7 8 9 10 11 12 13 14 15 16 17 18 19 20 21 22 23 24 25 27 28 29
0 1 2 3 5 6 7 8 9 10 11 12 13 14 15 16 17 18 19 20 21 22 23 24 25 27 28 29
0 1 2 3 5 6 7 8 9 10 11 12 13 14 15 16 17 18 19 20 21 22 23 24 25 27 28 29
5 6 9 11 12 13 15 17 18 20 22 23 28
0 1 2 3 5 6 7 8 9 10 11 12 13 14 15 16 17 18 19 20 21 22 23 24 25 27 28 29
5 6 9 11 12 13 15 17 18 20 22 23 28
4 5 6 9 11 12 13 15 17 18 20 22 23 26 28
4 5 6 9 11 12 13 15 17 18 20 22 23 26 28
5 6 9 11 12 13 15 17 18 20 22 23 28
0 1 2 3 5 6 7 8 9 10 11 12 13 14 15 16 17 18 19 20 21 22 23 24 25 27 28 29
0 -1 -1 -1 -1 7 8 -1 -1 5 -1 3 9 12 -1 6 -1 2 10 -1 4 -1 14 11 -1 -1 -1 -1 13 -1 1
19 18 28 27 -1 5 6 9 25 26 8 23 14 15 4 16 2 1 17 22 12 20 3 13 10 21 -1 11 24 7 0
-1 -1 1 -1 -1 5 4 -1 -1 3 -1 11 8 7 -1 2 -1 12 10 -1 9 -1 6 13 -1 -1 -1 -1 14 -1 0
28 25 24 11 14 16 9 15 18 5 7 23 4 27 29 12 1 10 8 22 3 30 6 17 19 21 26 2 13 20 0
-1 -1 -1 -1 0 12 8 -1 -1 14 -1 11 5 7 -1 2 -1 6 3 -1 13 -1 10 9 -1 -1 -1 -1 4 -1 1
15 12 25 9 26 30 11 5 6 3 10 7 17 1 22 27 24 20 13 8 19 18 29 14 23 2 4 28 16 21 0
21 25 8 24 -1 26 1 6 11 10 28 19 16 20 23 22 9 18 2 27 4 3 14 7 17 13 -1 5 15 12 0
-1 -1 -1 -1 -1 12 6 1 -1 3 -1 14 9 8 -1 11 -1 2 4 -1 7 -1 13 5 -1 -1 -1 -1 10 -1 0
22 2 10 8 -1 11 28 13 3 1 17 4 18 24 9 16 25 5 12 7 19 27 26 21 23 6 -1 20 15 14 0
-1 -1 -1 -1 -1 13 10 -1 -1 4 -1 12 6 7 -1 9 -1 2 3 -1 1 -1 5 11 -1 -1 -1 -1 8 -1 0
-1 -1 -1 -1 -1 4 14 -1 -1 13 0 8 10 7 -1 11 -1 2 6 -1 9 -1 3 12 -1 -1 -1 -1 5 -1 1
11 2 24 21 -1 28 7 10 25 19 18 6 15 5 3 13 16 20 26 14 8 22 12 4 9 27 -1 17 1 23 0
-1 -1 -1 -1 -1 3 5 -1 -1 9 -1 6 12 13 -1 10 -1 7 2 -1 4 -1 8 11 -1 -1 -1 -1 1 -1 0
12 11 16 8 -1 17 28 18 6 27 13 15 20 26 2 9 21 1 10 4 22 3 5 25 7 14 -1 19 24 23 0
25 17 27 9 -1 14 4 28 13 2 8 23 15 6 1 7 22 3 12 21 26 10 5 24 20 11 -1 16 19 18 0
4 12 3 30 10 17 25 29 26 11 20 24 5 9 6 22 14 15 2 21 16 7 27 19 13 8 23 18 1 28 0
-1 -1 -1 -1 -1 8 2 -1 -1 14 -1 12 5 6 -1 11 1 9 10 -1 7 -1 4 3 -1 -1 -1 -1 13 -1 0
-1 -1 -1 -1 -1 8 5 -1 -1 4 -1 12 7 9 -1 10 -1 1 6 -1 2 -1 3 11 -1 -1 -1 -1 13 -1 0
-1 -1 -1 -1 -1 7 13 -1 -1 1 -1 3 9 8 -1 2 -1 6 5 -1 12 -1 4 11 -1 -1 -1 -1 10 -1 0
-1 -1 -1 -1 -1 3 9 -1 -1 11 -1 5 4 14 -1 8 -1 2 13 1 7 -1 6 10 -1 -1 -1 -1 12 -1 0
8 2 20 5 -1 15 10 26 27 19 12 25 21 6 7 28 16 9 3 23 24 1 13 18 4 22 -1 17 14 11 0
8 5 26 28 -1 17 15 2 24 25 14 16 27 9 21 23 19 10 1 4 20 18 6 3 11 22 -1 13 7 12 0
22 23 15 27 -1 25 1 13 12 7 3 2 6 14 26 8 20 9 11 28 19 4 5 21 17 10 -1 18 24 16 0
-1 -1 -1 -1 -1 11 4 -1 -1 8 -1 5 3 7 -1 6 -1 13 9 -1 1 -1 12 2 -1 -1 -1 -1 10 -1 0
6 16 15 11 -1 25 24 5 4 8 26 20 27 21 12 10 23 18 14 22 9 3 13 2 28 19 -1 17 7 1 0
-1 -1 -1 -1 -1 4 13 -1 -1 11 -1 14 3 5 -1 6 -1 8 7 -1 2 -1 9 12 -1 0 -1 -1 10 -1 1
-1 -1 -1 -1 12 5 15 -1 -1 3 -1 10 14 2 -1 4 -1 13 9 -1 1 -1 6 7 -1 -1 8 -1 11 -1 0
-1 -1 -1 -1 13 5 9 -1 -1 11 -1 15 12 3 -1 7 -1 14 4 -1 16 -1 6 8 -1 -1 2 1 10 -1 0
-1 -1 -1 -1 -1 9 3 -1 -1 12 -1 13 8 11 -1 10 -1 7 5 -1 4 -1 6 1 -1 -1 -1 -1 2 -1 0
5 20 6 9 -1 4 23 19 27 18 3 8 21 25 10 28 26 12 17 13 15 1 2 24 16 11 -1 22 14 7 0
