30
3
O A O A O B O B O O B AB O B O A A O A B O O O A A B A B O O
A A O A A A O O A B O O O O O A O A A O O B B A O O A O A O
O A O
2 6 7 10 11 12 13 14 16 19 20 24 25 27 29
0 1 2 3 4 5 6 7 8 10 11 12 13 14 15 16 17 18 19 20 23 24 25 26 27 28 29
2 6 7 10 11 12 13 14 16 19 20 24 25 27 29
0 1 2 3 4 5 6 7 8 10 11 12 13 14 15 16 17 18 19 20 23 24 25 26 27 28 29
2 6 7 10 11 12 13 14 16 19 20 24 25 27 29
2 6 7 9 10 11 12 13 14 16 19 20 21 22 24 25 27 29
2 6 7 10 11 12 13 14 16 19 20 24 25 27 29
2 6 7 9 10 11 12 13 14 16 19 20 21 22 24 25 27 29
2 6 7 10 11 12 13 14 16 19 20 24 25 27 29
2 6 7 10 11 12 13 14 16 19 20 24 25 27 29
2 6 7 9 10 11 12 13 14 16 19 20 21 22 24 25 27 29
0 1 2 3 4 5 6 7 8 9 10 11 12 13 14 15 16 17 18 19 20 21 22 23 24 25 26 27 28 29
2 6 7 10 11 12 13 14 16 19 20 24 25 27 29
2 6 7 9 10 11 12 13 14 16 19 20 21 22 24 25 27 29
2 6 7 10 11 12 13 14 16 19 20 24 25 27 29
0 1 2 3 4 5 6 7 8 10 11 12 13 14 15 16 17 18 19 20 23 24 25 26 27 28 29
0 1 2 3 4 5 6 7 8 10 11 12 13 14 15 16 17 18 19 20 23 24 25 26 27 28 29
2 6 7 10 11 12 13 14 16 19 20 24 25 27 29
0 1 2 3 4 5 6 7 8 10 11 12 13 14 15 16 17 18 19 20 23 24 25 26 27 28 29
2 6 7 9 10 11 12 13 14 16 19 20 21 22 24 25 27 29
2 6 7 10 11 12 13 14 16 19 20 24 25 27 29
2 6 7 10 11 12 13 14 16 19 20 24 25 27 29
2 6 7 10 11 12 13 14 16 19 20 24 25 27 29
0 1 2 3 4 5 6 7 8 10 11 12 13 14 15 16 17 18 19 20 23 24 25 26 27 28 29
0 1 2 3 4 5 6 7 8 10 11 12 13 14 15 16 17 18 19 20 23 24 25 26 27 28 29
2 6 7 9 10 11 12 13 14 16 19 20 21 22 24 25 27 29
0 1 2 3 4 5 6 7 8 10 11 12 13 14 15 16 17 18 19 20 23 24 25 26 27 28 29
2 6 7 9 10 11 12 13 14 16 19 20 21 22 24 25 27 29
2 6 7 10 11 12 13 14 16 19 20 24 25 27 29
2 6 7 10 11 12 13 14 16 19 20 24 25 27 29
-1 -1 15 -1 -1 -1 7 13 -1 -1 2 12 6 3 4 -1 14 -1 -1 1 10 -1 -1 -1 5 9 -1 11 -1 8 0
17 1 25 14 15 20 24 22 13 -1 10 8 26 16 2 21 12 4 23 18 9 -1 -1 19 7 6 27 11 3 5 0
-1 -1 0 -1 -1 -1 11 12 -1 -1 8 5 13 10 3 -1 4 -1 -1 2 15 -1 -1 -1 7 9 -1 14 -1 6 1
10 2 14 0 5 22 6 17 23 -1 24 3 16 4 20 18 11 15 21 26 8 -1 -1 19 12 9 25 7 27 13 1
-1 -1 13 -1 -1 -1 14 10 -1 -1 9 11 3 8 2 -1 6 -1 -1 12 1 -1 -1 -1 5 7 -1 15 -1 4 0
-1 -1 5 -1 -1 -1 2 6 -1 10 17 1 9 7 13 -1 18 -1 -1 14 4 11 8 -1 16 12 -1 3 -1 15 0
-1 -1 9 -1 -1 -1 0 11 -1 -1 13 5 12 4 8 -1 2 -1 -1 6 15 -1 -1 -1 7 14 -1 10 -1 3 1
-1 -1 6 -1 -1 -1 14 0 -1 15 16 12 3 9 11 -1 10 -1 -1 5 2 18 8 -1 17 13 -1 7 -1 4 1
-1 -1 13 -1 -1 -1 7 5 -1 -1 9 6 14 11 12 -1 3 -1 -1 2 4 -1 -1 -1 8 15 -1 10 -1 1 0
-1 -1 3 -1 -1 -1 6 5 -1 -1 4 15 10 11 13 -1 12 -1 -1 8 2 -1 -1 -1 14 7 -1 9 -1 1 0
-1 -1 13 -1 -1 -1 8 17 -1 3 0 4 5 10 6 -1 12 -1 -1 9 11 14 2 -1 7 16 -1 15 -1 18 1
17 7 15 27 16 24 6 19 21 28 22 1 2 25 18 11 4 13 3 8 10 29 20 14 23 30 26 9 5 12 0
-1 -1 12 -1 -1 -1 5 14 -1 -1 11 13 1 2 15 -1 3 -1 -1 6 9 -1 -1 -1 10 7 -1 8 -1 4 0
-1 -1 10 -1 -1 -1 9 16 -1 13 17 2 8 1 6 -1 4 -1 -1 11 7 3 5 -1 14 18 -1 15 -1 12 0
-1 -1 8 -1 -1 -1 9 14 -1 -1 4 5 11 6 0 -1 2 -1 -1 15 7 -1 -1 -1 3 12 -1 10 -1 13 1
21 7 25 8 19 12 22 27 6 -1 11 10 18 24 15 1 23 2 3 13 17 -1 -1 9 5 4 26 16 20 14 0
13 23 19 15 5 3 20 12 11 -1 14 6 24 18 26 4 0 22 21 2 10 -1 -1 7 9 27 16 25 8 17 1
-1 -1 14 -1 -1 -1 12 11 -1 -1 6 4 9 8 13 -1 10 -1 -1 15 1 -1 -1 -1 2 3 -1 7 -1 5 0
11 17 20 26 10 7 22 23 14 -1 27 12 19 21 2 3 4 24 0 25 9 -1 -1 16 8 13 15 18 5 6 1
-1 -1 4 -1 -1 -1 6 13 -1 18 7 17 3 10 16 -1 2 -1 -1 1 8 12 15 -1 9 5 -1 14 -1 11 0
-1 -1 5 -1 -1 -1 9 7 -1 -1 14 6 13 3 8 -1 10 -1 -1 11 1 -1 -1 -1 2 15 -1 12 -1 4 0
-1 -1 10 -1 -1 -1 8 3 -1 -1 4 7 15 5 11 -1 14 -1 -1 13 9 -1 -1 -1 2 12 -1 1 -1 6 0
-1 -1 6 -1 -1 -1 3 13 -1 -1 11 1 2 5 15 -1 10 -1 -1 14 7 -1 -1 -1 9 4 -1 8 -1 12 0
23 4 5 19 11 3 15 26 12 -1 6 7 17 25 24 18 10 20 2 16 14 -1 -1 0 13 21 22 8 27 9 1
10 13 3 14 21 9 18 25 26 -1 2 27 24 7 6 4 15 17 8 11 20 -1 -1 19 0 12 5 23 16 22 1
-1 -1 10 -1 -1 -1 3 18 -1 4 6 7 16 11 13 -1 17 -1 -1 2 15 12 5 -1 8 1 -1 9 -1 14 0
21 18 6 3 22 26 16 19 15 -1 7 24 5 9 27 10 4 8 12 17 2 -1 -1 13 11 14 1 23 20 25 0
-1 -1 10 -1 -1 -1 6 7 -1 3 9 16 17 13 5 -1 18 -1 -1 15 14 12 8 -1 4 11 -1 1 -1 2 0
-1 -1 12 -1 -1 -1 5 2 -1 -1 7 10 11 15 14 -1 1 -1 -1 8 6 -1 -1 -1 13 9 -1 4 -1 3 0
-1 -1 8 -1 -1 -1 4 10 -1 -1 12 3 2 15 7 -1 6 -1 -1 5 9 -1 -1 -1 13 11 -1 14 -1 0 1
