30
3
O A AB A O A A A A A O O O AB O A B O A O A A B AB O AB B O AB A
B A A A O A O A A O AB A A A B O O A O O O O AB O A O A A O A
A O A
4 6 9 15 16 18 19 20 21 23 25 28
1 2 3 4 5 6 7 8 9 11 12 13 15 16 17 18 19 20 21 23 24 25 26 27 28 29
0 1 2 3 4 5 6 7 8 9 10 11 12 13 14 15 16 17 18 19 20 21 22 23 24 25 26 27 28 29
1 2 3 4 5 6 7 8 9 11 12 13 15 16 17 18 19 20 21 23 24 25 26 27 28 29
4 6 9 15 16 18 19 20 21 23 25 28
1 2 3 4 5 6 7 8 9 11 12 13 15 16 17 18 19 20 21 23 24 25 26 27 28 29
1 2 3 4 5 6 7 8 9 11 12 13 15 16 17 18 19 20 21 23 24 25 26 27 28 29
1 2 3 4 5 6 7 8 9 11 12 13 15 16 17 18 19 20 21 23 24 25 26 27 28 29
1 2 3 4 5 6 7 8 9 11 12 13 15 16 17 18 19 20 21 23 24 25 26 27 28 29
1 2 3 4 5 6 7 8 9 11 12 13 15 16 17 18 19 20 21 23 24 25 26 27 28 29
4 6 9 15 16 18 19 20 21 23 25 28
4 6 9 15 16 18 19 20 21 23 25 28
4 6 9 15 16 18 19 20 21 23 25 28
0 1 2 3 4 5 6 7 8 9 10 11 12 13 14 15 16 17 18 19 20 21 22 23 24 25 26 27 28 29
4 6 9 15 16 18 19 20 21 23 25 28
1 2 3 4 5 6 7 8 9 11 12 13 15 16 17 18 19 20 21 23 24 25 26 27 28 29
0 4 6 9 14 15 16 18 19 20 21 23 25 28
4 6 9 15 16 18 19 20 21 23 25 28
1 2 3 4 5 6 7 8 9 11 12 13 15 16 17 18 19 20 21 23 24 25 26 27 28 29
4 6 9 15 16 18 19 20 21 23 25 28
1 2 3 4 5 6 7 8 9 11 12 13 15 16 17 18 19 20 21 23 24 25 26 27 28 29
1 2 3 4 5 6 7 8 9 11 12 13 15 16 17 18 19 20 21 23 24 25 26 27 28 29
0 4 6 9 14 15 16 18 19 20 21 23 25 28
0 1 2 3 4 5 6 7 8 9 10 11 12 13 14 15 16 17 18 19 20 21 22 23 24 25 26 27 28 29
4 6 9 15 16 18 19 20 21 23 25 28
0 1 2 3 4 5 6 7 8 9 10 11 12 13 14 15 16 17 18 19 20 21 22 23 24 25 26 27 28 29
0 4 6 9 14 15 16 18 19 20 21 23 25 28
4 6 9 15 16 18 19 20 21 23 25 28
0 1 2 3 4 5 6 7 8 9 10 11 12 13 14 15 16 17 18 19 20 21 22 23 24 25 26 27 28 29
1 2 3 4 5 6 7 8 9 11 12 13 15 16 17 18 19 20 21 23 24 25 26 27 28 29
1 -1 -1 -1 7 -1 5 -1 -1 11 -1 -1 -1 -1 -1 12 13 -1 8 6 10 2 -1 3 -1 9 -1 -1 4 -1 0
-1 7 22 12 26 4 14 21 2 13 -1 15 25 11 -1 24 3 19 16 1 20 10 -1 17 9 23 8 18 5 6 0
5 10 13 8 14 15 22 6 12 7 23 2 17 24 29 28 26 21 19 18 3 30 4 16 9 1 25 20 11 27 0
-1 14 10 12 22 6 23 7 24 5 -1 17 20 13 -1 9 3 19 11 4 18 1 -1 8 26 15 21 2 16 25 0
-1 -1 -1 -1 12 -1 3 -1 -1 1 -1 -1 -1 -1 -1 4 10 -1 9 11 6 8 -1 7 -1 5 -1 -1 2 -1 0
-1 9 6 17 19 23 7 8 18 10 -1 22 11 25 -1 16 21 13 3 15 20 12 -1 24 2 1 26 4 5 14 0
-1 8 25 14 17 13 21 7 24 26 -1 19 1 10 -1 18 11 3 2 9 6 15 -1 4 20 5 12 22 23 16 0
-1 17 20 8 22 15 19 1 13 18 -1 25 6 21 -1 11 16 24 10 3 2 4 -1 14 9 12 23 7 5 26 0
-1 5 21 4 15 26 9 22 20 18 -1 14 17 8 -1 19 25 11 6 13 1 16 -1 23 10 7 24 2 3 12 0
-1 1 4 20 22 13 17 2 6 25 -1 12 14 24 -1 9 26 7 23 18 15 3 -1 21 19 16 8 11 10 5 0
-1 -1 -1 -1 11 -1 7 -1 -1 9 1 -1 -1 -1 -1 4 2 -1 12 3 5 10 -1 8 -1 6 -1 -1 13 -1 0
-1 -1 -1 -1 12 -1 9 -1 -1 5 -1 1 -1 -1 -1 4 6 -1 3 2 11 8 -1 10 -1 7 -1 -1 13 -1 0
-1 -1 -1 -1 13 -1 10 -1 -1 2 -1 -1 1 -1 -1 9 7 -1 5 4 3 12 -1 8 -1 11 -1 -1 6 -1 0
1 9 13 21 7 18 15 12 8 3 25 4 20 17 5 11 19 28 23 6 24 2 30 29 27 16 14 10 22 26 0
-1 -1 -1 -1 4 -1 11 -1 -1 7 -1 -1 -1 -1 0 2 5 -1 6 12 8 9 -1 10 -1 13 -1 -1 3 -1 1
-1 18 15 16 1 11 22 12 10 2 -1 5 23 3 -1 24 13 14 19 6 17 26 -1 21 4 7 9 20 8 25 0
5 -1 -1 -1 2 -1 14 -1 -1 3 -1 -1 -1 -1 1 13 6 -1 12 9 8 11 -1 10 -1 4 -1 -1 7 -1 0
-1 -1 -1 -1 7 -1 6 -1 -1 5 -1 -1 -1 -1 -1 2 12 0 8 3 4 10 -1 13 -1 11 -1 -1 9 -1 1
-1 13 1 14 21 20 19 25 16 9 -1 15 12 17 -1 2 10 11 3 26 24 18 -1 7 8 23 4 22 5 6 0
-1 -1 -1 -1 6 -1 2 -1 -1 10 -1 -1 -1 -1 -1 12 5 -1 9 3 8 7 -1 4 -1 1 -1 -1 11 -1 0
-1 2 18 23 13 26 22 24 1 9 -1 12 17 21 -1 19 15 20 11 5 8 16 -1 7 6 14 25 4 10 3 0
-1 2 6 3 15 8 20 25 1 16 -1 21 22 4 -1 5 10 23 12 24 13 14 -1 18 9 19 7 26 11 17 0
6 -1 -1 -1 11 -1 14 -1 -1 4 -1 -1 -1 -1 10 12 13 -1 8 5 2 15 0 3 -1 9 -1 -1 7 -1 1
28 5 10 9 30 26 7 22 6 19 23 12 11 4 3 27 17 18 20 14 8 25 1 15 21 16 29 13 2 24 0
-1 -1 -1 -1 5 -1 9 -1 -1 8 -1 -1 -1 -1 -1 11 4 -1 3 7 2 12 -1 6 1 10 -1 -1 13 -1 0
3 26 11 29 15 6 2 25 20 24 28 5 27 4 22 9 17 13 18 30 14 8 23 19 7 10 1 21 12 16 0
15 -1 -1 -1 8 -1 3 -1 -1 2 -1 -1 -1 -1 11 14 13 -1 6 10 12 4 -1 9 -1 5 0 -1 7 -1 1
-1 -1 -1 -1 11 -1 4 -1 -1 12 -1 -1 -1 -1 -1 6 10 -1 7 13 5 8 -1 9 -1 2 -1 0 3 -1 1
29 4 1 24 22 7 23 25 11 21 3 26 8 5 30 20 28 6 17 12 16 18 14 13 27 10 9 15 19 2 0
-1 13 22 23 17 12 4 14 15 8 -1 1 9 18 -1 25 21 19 20 10 7 16 -1 2 11 6 26 3 5 24 0
