30
3
O A O B O O A O A A O B O A O A O O A A O B A A O O A O O A
A B B O A A A B A O B O A A A O AB A A A O B A B A O B O O B
A O O
3 9 11 15 20 25 27 28
0 3 4 5 6 8 9 11 12 13 14 15 17 18 19 20 22 24 25 27 28
3 9 11 15 20 25 27 28
1 2 3 7 9 10 11 15 20 21 23 25 26 27 28 29
3 9 11 15 20 25 27 28
3 9 11 15 20 25 27 28
0 3 4 5 6 8 9 11 12 13 14 15 17 18 19 20 22 24 25 27 28
3 9 11 15 20 25 27 28
0 3 4 5 6 8 9 11 12 13 14 15 17 18 19 20 22 24 25 27 28
0 3 4 5 6 8 9 11 12 13 14 15 17 18 19 20 22 24 25 27 28
3 9 11 15 20 25 27 28
1 2 3 7 9 10 11 15 20 21 23 25 26 27 28 29
3 9 11 15 20 25 27 28
0 3 4 5 6 8 9 11 12 13 14 15 17 18 19 20 22 24 25 27 28
3 9 11 15 20 25 27 28
0 3 4 5 6 8 9 11 12 13 14 15 17 18 19 20 22 24 25 27 28
3 9 11 15 20 25 27 28
3 9 11 15 20 25 27 28
0 3 4 5 6 8 9 11 12 13 14 15 17 18 19 20 22 24 25 27 28
0 3 4 5 6 8 9 11 12 13 14 15 17 18 19 20 22 24 25 27 28
3 9 11 15 20 25 27 28
1 2 3 7 9 10 11 15 20 21 23 25 26 27 28 29
0 3 4 5 6 8 9 11 12 13 14 15 17 18 19 20 22 24 25 27 28
0 3 4 5 6 8 9 11 12 13 14 15 17 18 19 20 22 24 25 27 28
3 9 11 15 20 25 27 28
3 9 11 15 20 25 27 28
0 3 4 5 6 8 9 11 12 13 14 15 17 18 19 20 22 24 25 27 28
3 9 11 15 20 25 27 28
3 9 11 15 20 25 27 28
0 3 4 5 6 8 9 11 12 13 14 15 17 18 19 20 22 24 25 27 28
0 -1 -1 6 -1 -1 -1 -1 -1 3 -1 5 -1 -1 -1 8 -1 -1 -1 -1 4 -1 -1 -1 -1 2 -1 9 7 -1 1
5 0 -1 15 19 22 4 -1 16 2 -1 17 21 18 6 10 -1 7 13 8 9 -1 3 -1 12 11 -1 20 14 -1 1
-1 -1 0 7 -1 -1 -1 -1 -1 6 -1 9 -1 -1 -1 4 -1 -1 -1 -1 2 -1 -1 -1 -1 3 -1 8 5 -1 1
-1 1 8 -1 -1 -1 -1 4 -1 13 3 16 -1 -1 -1 10 -1 -1 -1 -1 6 5 -1 9 -1 11 12 7 14 15 0
-1 -1 -1 7 1 -1 -1 -1 -1 3 -1 6 -1 -1 -1 5 -1 -1 -1 -1 4 -1 -1 -1 -1 9 -1 8 2 -1 0
-1 -1 -1 5 -1 0 -1 -1 -1 2 -1 8 -1 -1 -1 3 -1 -1 -1 -1 7 -1 -1 -1 -1 6 -1 9 4 -1 1
1 -1 -1 9 17 10 -1 -1 18 8 -1 21 12 14 11 20 -1 19 3 5 15 -1 16 -1 6 13 -1 7 2 -1 0
-1 -1 -1 6 -1 -1 -1 0 -1 2 -1 8 -1 -1 -1 7 -1 -1 -1 -1 5 -1 -1 -1 -1 3 -1 4 9 -1 1
11 -1 -1 8 5 2 13 -1 -1 7 -1 10 19 16 3 1 -1 17 18 9 21 -1 12 -1 6 14 -1 4 20 -1 0
17 -1 -1 3 15 18 5 -1 21 -1 -1 14 11 8 1 12 -1 13 19 16 9 -1 20 -1 6 10 -1 2 4 -1 0
-1 -1 -1 3 -1 -1 -1 -1 -1 5 1 6 -1 -1 -1 9 -1 -1 -1 -1 7 -1 -1 -1 -1 2 -1 4 8 -1 0
-1 15 8 6 -1 -1 -1 4 -1 9 16 -1 -1 -1 -1 1 -1 -1 -1 -1 13 12 -1 2 -1 14 11 7 3 5 0
-1 -1 -1 4 -1 -1 -1 -1 -1 6 -1 9 1 -1 -1 3 -1 -1 -1 -1 2 -1 -1 -1 -1 8 -1 5 7 -1 0
9 -1 -1 1 15 7 12 -1 4 2 -1 16 6 -1 8 17 -1 11 20 19 13 -1 14 -1 21 3 -1 18 10 -1 0
-1 -1 -1 5 -1 -1 -1 -1 -1 7 -1 9 -1 -1 1 8 -1 -1 -1 -1 4 -1 -1 -1 -1 3 -1 6 2 -1 0
4 -1 -1 12 13 20 8 -1 16 9 -1 1 11 10 15 -1 -1 17 18 2 3 -1 6 -1 5 7 -1 19 14 -1 0
-1 -1 -1 4 -1 -1 -1 -1 -1 6 -1 7 -1 -1 -1 3 1 -1 -1 -1 9 -1 -1 -1 -1 5 -1 8 2 -1 0
-1 -1 -1 9 -1 -1 -1 -1 -1 7 -1 4 -1 -1 -1 6 -1 0 -1 -1 8 -1 -1 -1 -1 3 -1 2 5 -1 1
1 -1 -1 9 16 2 5 -1 13 6 -1 4 18 7 11 21 -1 3 -1 10 12 -1 19 -1 14 20 -1 15 17 -1 0
10 -1 -1 17 19 21 16 -1 14 4 -1 15 12 18 6 3 -1 7 13 -1 11 -1 20 -1 2 8 -1 1 9 -1 0
-1 -1 -1 8 -1 -1 -1 -1 -1 3 -1 7 -1 -1 -1 1 -1 -1 -1 -1 -1 -1 -1 -1 -1 2 -1 4 5 -1 0
-1 14 6 13 -1 -1 -1 4 -1 15 1 3 -1 -1 -1 16 -1 -1 -1 -1 2 -1 -1 7 -1 10 12 9 5 8 0
8 -1 -1 17 2 9 11 -1 14 21 -1 15 18 20 12 7 -1 3 4 13 16 -1 -1 -1 1 10 -1 19 5 -1 0
5 -1 -1 21 3 4 6 -1 9 10 -1 16 13 19 8 20 -1 17 2 14 12 -1 11 1 15 7 -1 22 18 -1 0
-1 -1 -1 2 -1 -1 -1 -1 -1 5 -1 8 -1 -1 -1 9 -1 -1 -1 -1 6 -1 -1 -1 1 3 -1 7 4 -1 0
-1 -1 -1 4 -1 -1 -1 -1 -1 5 -1 7 -1 -1 -1 2 -1 -1 -1 -1 6 -1 -1 -1 -1 -1 -1 3 1 -1 0
21 -1 -1 16 10 12 18 -1 20 11 -1 2 3 15 9 22 -1 8 17 7 6 -1 14 -1 4 19 0 5 13 -1 1
-1 -1 -1 2 -1 -1 -1 -1 -1 6 -1 3 -1 -1 -1 4 -1 -1 -1 -1 5 -1 -1 -1 -1 8 -1 -1 7 -1 0
-1 -1 -1 4 -1 -1 -1 -1 -1 5 -1 8 -1 -1 -1 1 -1 -1 -1 -1 7 -1 -1 -1 -1 2 -1 3 -1 -1 0
21 -1 -1 14 2 20 4 -1 17 16 -1 15 13 22 8 11 -1 18 19 5 6 -1 3 -1 9 7 -1 10 12 0 1
