30
3
B A O AB O O B O A B O O O O O A O A O O A B O O A A B O O A
AB O B O O A A O O O B A O A O O O O A O A AB O O O O B A A O
AB O O
1 2 3 4 7 8 9 10 12 14 15 16 17 19 22 23 24 25 26 29
1 3 4 5 6 7 8 9 11 12 13 14 15 16 17 18 19 20 22 23 24 25 27 28 29
1 3 4 7 8 9 12 14 15 16 17 19 22 23 24 25 29
0 1 2 3 4 5 6 7 8 9 10 11 12 13 14 15 16 17 18 19 20 21 22 23 24 25 26 27 28 29
1 3 4 7 8 9 12 14 15 16 17 19 22 23 24 25 29
1 3 4 7 8 9 12 14 15 16 17 19 22 23 24 25 29
1 2 3 4 7 8 9 10 12 14 15 16 17 19 22 23 24 25 26 29
1 3 4 7 8 9 12 14 15 16 17 19 22 23 24 25 29
1 3 4 5 6 7 8 9 11 12 13 14 15 16 17 18 19 20 22 23 24 25 27 28 29
1 2 3 4 7 8 9 10 12 14 15 16 17 19 22 23 24 25 26 29
1 3 4 7 8 9 12 14 15 16 17 19 22 23 24 25 29
1 3 4 7 8 9 12 14 15 16 17 19 22 23 24 25 29
1 3 4 7 8 9 12 14 15 16 17 19 22 23 24 25 29
1 3 4 7 8 9 12 14 15 16 17 19 22 23 24 25 29
1 3 4 7 8 9 12 14 15 16 17 19 22 23 24 25 29
1 3 4 5 6 7 8 9 11 12 13 14 15 16 17 18 19 20 22 23 24 25 27 28 29
1 3 4 7 8 9 12 14 15 16 17 19 22 23 24 25 29
1 3 4 5 6 7 8 9 11 12 13 14 15 16 17 18 19 20 22 23 24 25 27 28 29
1 3 4 7 8 9 12 14 15 16 17 19 22 23 24 25 29
1 3 4 7 8 9 12 14 15 16 17 19 22 23 24 25 29
1 3 4 5 6 7 8 9 11 12 13 14 15 16 17 18 19 20 22 23 24 25 27 28 29
1 2 3 4 7 8 9 10 12 14 15 16 17 19 22 23 24 25 26 29
1 3 4 7 8 9 12 14 15 16 17 19 22 23 24 25 29
1 3 4 7 8 9 12 14 15 16 17 19 22 23 24 25 29
1 3 4 5 6 7 8 9 11 12 13 14 15 16 17 18 19 20 22 23 24 25 27 28 29
1 3 4 5 6 7 8 9 11 12 13 14 15 16 17 18 19 20 22 23 24 25 27 28 29
1 2 3 4 7 8 9 10 12 14 15 16 17 19 22 23 24 25 26 29
1 3 4 7 8 9 12 14 15 16 17 19 22 23 24 25 29
1 3 4 7 8 9 12 14 15 16 17 19 22 23 24 25 29
1 3 4 5 6 7 8 9 11 12 13 14 15 16 17 18 19 20 22 23 24 25 27 28 29
0 15 6 10 17 -1 -1 13 18 20 2 -1 7 -1 12 19 21 11 -1 16 -1 -1 4 5 9 3 8 -1 -1 14 1
-1 -1 -1 24 2 3 5 18 22 7 -1 1 20 4 10 6 8 21 16 25 9 -1 11 13 23 15 -1 17 19 12 0
-1 16 0 5 18 -1 -1 17 7 15 -1 -1 3 -1 2 4 14 13 -1 11 -1 -1 6 12 10 8 -1 -1 -1 9 1
6 5 24 -1 25 28 8 4 19 20 9 18 10 15 26 7 12 17 23 16 2 27 3 14 11 29 21 22 1 30 0
-1 5 -1 7 -1 -1 -1 3 15 10 -1 -1 11 -1 13 12 8 1 -1 17 -1 -1 2 9 16 4 -1 -1 -1 14 0
-1 13 -1 14 3 0 -1 10 12 15 -1 -1 18 -1 9 16 8 17 -1 5 -1 -1 7 4 6 11 -1 -1 -1 2 1
-1 16 6 5 13 -1 0 19 15 18 14 -1 8 -1 17 20 9 7 -1 10 -1 -1 2 4 21 11 12 -1 -1 3 1
-1 10 -1 6 11 -1 -1 -1 15 4 -1 -1 8 -1 1 14 17 5 -1 9 -1 -1 3 13 16 7 -1 -1 -1 12 0
-1 8 -1 25 15 19 22 13 -1 24 -1 7 10 12 4 14 1 21 6 11 17 -1 20 2 18 16 -1 5 9 3 0
-1 15 8 2 9 -1 -1 1 17 -1 3 -1 6 -1 7 14 11 12 -1 18 -1 -1 13 5 20 19 4 -1 -1 10 0
-1 9 -1 16 2 -1 -1 14 13 3 1 -1 7 -1 12 11 17 5 -1 6 -1 -1 4 8 15 10 -1 -1 -1 18 0
-1 7 -1 16 8 -1 -1 15 2 11 -1 1 9 -1 4 6 10 12 -1 5 -1 -1 14 17 3 18 -1 -1 -1 13 0
-1 4 -1 14 7 -1 -1 9 10 17 -1 -1 -1 -1 12 3 6 11 -1 2 -1 -1 5 8 16 13 -1 -1 -1 15 0
-1 7 -1 16 13 -1 -1 11 2 14 -1 -1 15 1 17 8 5 4 -1 12 -1 -1 3 10 6 18 -1 -1 -1 9 0
-1 15 -1 17 11 -1 -1 4 9 13 -1 -1 2 -1 -1 7 8 12 -1 1 -1 -1 10 6 5 14 -1 -1 -1 3 0
-1 9 -1 15 10 20 24 17 22 2 -1 6 1 23 13 -1 12 18 8 4 14 -1 21 16 7 3 -1 11 25 19 0
-1 6 -1 11 10 -1 -1 9 4 16 -1 -1 2 -1 12 13 -1 1 -1 5 -1 -1 3 17 8 15 -1 -1 -1 7 0
-1 17 -1 9 4 23 10 3 24 2 -1 8 25 7 5 6 19 -1 13 21 12 -1 15 1 20 16 -1 22 11 14 0
-1 14 -1 8 17 -1 -1 6 11 16 -1 -1 7 -1 18 10 9 13 0 12 -1 -1 15 4 2 5 -1 -1 -1 3 1
-1 1 -1 6 17 -1 -1 16 13 15 -1 -1 9 -1 14 8 4 2 -1 -1 -1 -1 11 12 7 3 -1 -1 -1 5 0
-1 1 -1 7 4 3 23 21 14 2 -1 6 19 17 20 9 24 25 15 22 -1 -1 13 16 5 11 -1 18 8 10 0
-1 18 20 6 8 -1 -1 11 16 5 10 -1 19 -1 12 2 17 3 -1 21 -1 1 14 7 13 4 9 -1 -1 15 0
-1 7 -1 5 10 -1 -1 4 12 6 -1 -1 16 -1 15 8 9 13 -1 3 -1 -1 -1 2 11 14 -1 -1 -1 17 0
-1 14 -1 16 15 -1 -1 5 6 17 -1 -1 9 -1 8 11 10 1 -1 3 -1 -1 7 -1 2 13 -1 -1 -1 12 0
-1 20 -1 12 7 22 1 8 10 24 -1 21 3 15 6 16 13 11 4 23 9 -1 14 25 -1 17 -1 18 19 5 0
-1 22 -1 23 4 24 3 20 10 18 -1 5 14 2 13 21 25 16 9 17 12 -1 8 7 1 -1 -1 15 11 19 0
-1 11 19 2 13 -1 -1 7 8 18 16 -1 15 -1 6 20 3 9 -1 12 -1 -1 10 1 5 17 -1 -1 -1 4 0
-1 5 -1 12 13 -1 -1 10 14 9 -1 -1 3 -1 4 7 8 6 -1 16 -1 -1 11 15 18 2 -1 1 -1 17 0
-1 3 -1 14 5 -1 -1 7 13 18 -1 -1 17 -1 16 4 12 11 -1 10 -1 -1 9 2 8 6 -1 -1 0 15 1
-1 17 -1 12 6 11 15 16 21 3 -1 18 5 20 2 7 22 19 14 4 24 -1 1 13 25 23 -1 10 9 -1 0
