30
3
O A A O A O A A O O A O O O A A A B A AB A A O O A O O O A O
A O O A O O A A B A O O A A O O O O A O AB A O A A A O O O A
O O AB
1 2 4 5 10 11 14 15 16 17 19 22 26 27 28
0 1 2 3 4 5 6 7 9 10 11 12 13 14 15 16 17 18 19 21 22 23 24 25 26 27 28 29
0 1 2 3 4 5 6 7 9 10 11 12 13 14 15 16 17 18 19 21 22 23 24 25 26 27 28 29
1 2 4 5 10 11 14 15 16 17 19 22 26 27 28
0 1 2 3 4 5 6 7 9 10 11 12 13 14 15 16 17 18 19 21 22 23 24 25 26 27 28 29
1 2 4 5 10 11 14 15 16 17 19 22 26 27 28
0 1 2 3 4 5 6 7 9 10 11 12 13 14 15 16 17 18 19 21 22 23 24 25 26 27 28 29
0 1 2 3 4 5 6 7 9 10 11 12 13 14 15 16 17 18 19 21 22 23 24 25 26 27 28 29
1 2 4 5 10 11 14 15 16 17 19 22 26 27 28
1 2 4 5 10 11 14 15 16 17 19 22 26 27 28
0 1 2 3 4 5 6 7 9 10 11 12 13 14 15 16 17 18 19 21 22 23 24 25 26 27 28 29
1 2 4 5 10 11 14 15 16 17 19 22 26 27 28
1 2 4 5 10 11 14 15 16 17 19 22 26 27 28
1 2 4 5 10 11 14 15 16 17 19 22 26 27 28
0 1 2 3 4 5 6 7 9 10 11 12 13 14 15 16 17 18 19 21 22 23 24 25 26 27 28 29
0 1 2 3 4 5 6 7 9 10 11 12 13 14 15 16 17 18 19 21 22 23 24 25 26 27 28 29
0 1 2 3 4 5 6 7 9 10 11 12 13 14 15 16 17 18 19 21 22 23 24 25 26 27 28 29
1 2 4 5 8 10 11 14 15 16 17 19 22 26 27 28
0 1 2 3 4 5 6 7 9 10 11 12 13 14 15 16 17 18 19 21 22 23 24 25 26 27 28 29
0 1 2 3 4 5 6 7 8 9 10 11 12 13 14 15 16 17 18 19 20 21 22 23 24 25 26 27 28 29
0 1 2 3 4 5 6 7 9 10 11 12 13 14 15 16 17 18 19 21 22 23 24 25 26 27 28 29
0 1 2 3 4 5 6 7 9 10 11 12 13 14 15 16 17 18 19 21 22 23 24 25 26 27 28 29
1 2 4 5 10 11 14 15 16 17 19 22 26 27 28
1 2 4 5 10 11 14 15 16 17 19 22 26 27 28
0 1 2 3 4 5 6 7 9 10 11 12 13 14 15 16 17 18 19 21 22 23 24 25 26 27 28 29
1 2 4 5 10 11 14 15 16 17 19 22 26 27 28
1 2 4 5 10 11 14 15 16 17 19 22 26 27 28
1 2 4 5 10 11 14 15 16 17 19 22 26 27 28
0 1 2 3 4 5 6 7 9 10 11 12 13 14 15 16 17 18 19 21 22 23 24 25 26 27 28 29
1 2 4 5 10 11 14 15 16 17 19 22 26 27 28
1 3 10 -1 6 12 -1 -1 -1 -1 2 7 -1 -1 4 9 13 14 -1 16 -1 -1 8 -1 -1 -1 5 11 15 -1 0
27 -1 28 14 24 17 25 5 -1 1 11 3 21 6 16 26 19 22 12 18 -1 8 9 13 20 10 2 4 15 23 0
10 21 -1 16 3 13 4 17 -1 6 1 2 23 12 8 19 18 9 26 25 -1 24 5 14 28 22 15 27 7 20 0
-1 3 12 0 9 8 -1 -1 -1 -1 6 13 -1 -1 11 16 15 4 -1 7 -1 -1 14 -1 -1 -1 2 5 10 -1 1
18 27 15 2 -1 9 16 7 -1 6 20 3 12 21 22 23 24 28 13 4 -1 25 14 19 11 17 26 1 5 10 0
-1 9 14 -1 15 -1 -1 -1 -1 -1 7 13 -1 -1 6 12 4 2 -1 3 -1 -1 5 -1 -1 -1 8 1 10 -1 0
12 20 21 24 16 2 -1 7 -1 17 9 26 8 19 15 3 10 13 28 18 -1 6 5 25 4 1 11 22 14 27 0
12 17 4 20 27 10 16 -1 -1 13 8 26 28 1 25 18 11 7 21 6 -1 19 24 14 9 3 5 15 22 23 0
-1 15 7 -1 14 9 -1 -1 1 -1 2 8 -1 -1 13 16 12 10 -1 3 -1 -1 11 -1 -1 -1 6 4 5 -1 0
-1 5 3 -1 15 16 -1 -1 -1 0 8 9 -1 -1 2 4 11 7 -1 12 -1 -1 6 -1 -1 -1 10 14 13 -1 1
19 13 22 14 27 20 3 2 -1 16 -1 1 17 6 15 4 28 25 9 10 -1 21 23 24 11 8 12 18 7 26 0
-1 12 13 -1 11 10 -1 -1 -1 -1 1 -1 -1 -1 6 3 4 7 -1 5 -1 -1 8 -1 -1 -1 9 2 14 -1 0
-1 7 4 -1 3 14 -1 -1 -1 -1 15 9 0 -1 16 12 8 10 -1 2 -1 -1 5 -1 -1 -1 13 11 6 -1 1
-1 2 15 -1 5 11 -1 -1 -1 -1 16 4 -1 1 14 12 6 13 -1 9 -1 -1 3 -1 -1 -1 8 7 10 -1 0
5 7 27 10 3 2 1 25 -1 11 4 26 23 6 -1 20 12 22 16 21 -1 28 8 13 9 24 14 17 18 19 0
2 8 25 14 21 19 1 17 -1 4 12 10 7 28 26 -1 5 6 20 27 -1 23 24 22 16 18 9 13 3 15 0
5 17 21 7 2 15 24 25 -1 28 3 10 6 11 20 8 -1 4 12 23 -1 22 1 16 19 13 26 27 18 9 0
-1 10 9 -1 3 12 -1 -1 11 -1 6 8 -1 -1 4 14 2 -1 -1 5 -1 -1 7 -1 -1 -1 1 15 13 -1 0
2 25 6 26 28 27 14 19 -1 1 5 3 21 18 12 24 16 13 -1 20 -1 9 15 11 8 23 17 7 22 4 0
28 27 30 18 10 8 6 12 1 5 29 9 13 3 20 7 17 25 26 -1 21 22 11 4 15 19 24 14 2 23 0
16 9 13 23 26 8 15 20 -1 14 6 17 5 22 10 24 18 25 4 21 0 28 29 12 19 27 7 11 3 2 1
18 6 26 11 7 12 17 9 -1 24 27 13 21 4 14 28 16 19 15 5 -1 -1 10 22 23 1 2 3 25 8 0
-1 12 13 -1 15 1 -1 -1 -1 -1 11 4 -1 -1 3 5 14 6 -1 8 -1 -1 -1 -1 -1 -1 9 7 10 -1 0
-1 5 10 -1 9 11 -1 -1 -1 -1 4 15 -1 -1 2 13 14 7 -1 12 -1 -1 8 0 -1 -1 6 3 16 -1 1
18 15 24 26 19 14 6 9 -1 25 21 3 8 27 5 1 13 4 23 10 -1 17 28 2 -1 7 20 22 11 16 0
-1 6 9 -1 2 13 -1 -1 -1 -1 15 16 -1 -1 10 12 3 7 -1 11 -1 -1 5 -1 -1 0 4 8 14 -1 1
-1 2 11 -1 7 1 -1 -1 -1 -1 6 4 -1 -1 9 3 10 15 -1 12 -1 -1 5 -1 -1 -1 -1 13 8 -1 0
-1 2 13 -1 1 11 -1 -1 -1 -1 9 6 -1 -1 8 15 4 3 -1 14 -1 -1 7 -1 -1 -1 12 -1 5 -1 0
25 23 1 6 19 18 8 14 -1 3 17 28 24 12 27 5 4 9 21 22 -1 2 10 15 11 26 7 16 -1 20 0
-1 6 5 -1 16 10 -1 -1 -1 -1 7 15 -1 -1 13 2 3 11 -1 9 -1 -1 12 -1 -1 -1 8 14 4 1 0
