30
3
O O O O A O O B A A O B A O A O O O A A O A A O A O A O O AB
O O O O O A O A B O O O A B O O A B A A A A B O O O A A O O
B O AB
0 1 2 3 4 6 9 10 11 14 15 23 24 25 28 29
0 1 2 3 4 6 9 10 11 14 15 23 24 25 28 29
0 1 2 3 4 6 9 10 11 14 15 23 24 25 28 29
0 1 2 3 4 6 9 10 11 14 15 23 24 25 28 29
0 1 2 3 4 5 6 7 9 10 11 12 14 15 16 18 19 20 21 23 24 25 26 27 28 29
0 1 2 3 4 6 9 10 11 14 15 23 24 25 28 29
0 1 2 3 4 6 9 10 11 14 15 23 24 25 28 29
0 1 2 3 4 6 8 9 10 11 13 14 15 17 22 23 24 25 28 29
0 1 2 3 4 5 6 7 9 10 11 12 14 15 16 18 19 20 21 23 24 25 26 27 28 29
0 1 2 3 4 5 6 7 9 10 11 12 14 15 16 18 19 20 21 23 24 25 26 27 28 29
0 1 2 3 4 6 9 10 11 14 15 23 24 25 28 29
0 1 2 3 4 6 8 9 10 11 13 14 15 17 22 23 24 25 28 29
0 1 2 3 4 5 6 7 9 10 11 12 14 15 16 18 19 20 21 23 24 25 26 27 28 29
0 1 2 3 4 6 9 10 11 14 15 23 24 25 28 29
0 1 2 3 4 5 6 7 9 10 11 12 14 15 16 18 19 20 21 23 24 25 26 27 28 29
0 1 2 3 4 6 9 10 11 14 15 23 24 25 28 29
0 1 2 3 4 6 9 10 11 14 15 23 24 25 28 29
0 1 2 3 4 6 9 10 11 14 15 23 24 25 28 29
0 1 2 3 4 5 6 7 9 10 11 12 14 15 16 18 19 20 21 23 24 25 26 27 28 29
0 1 2 3 4 5 6 7 9 10 11 12 14 15 16 18 19 20 21 23 24 25 26 27 28 29
0 1 2 3 4 6 9 10 11 14 15 23 24 25 28 29
0 1 2 3 4 5 6 7 9 10 11 12 14 15 16 18 19 20 21 23 24 25 26 27 28 29
0 1 2 3 4 5 6 7 9 10 11 12 14 15 16 18 19 20 21 23 24 25 26 27 28 29
0 1 2 3 4 6 9 10 11 14 15 23 24 25 28 29
0 1 2 3 4 5 6 7 9 10 11 12 14 15 16 18 19 20 21 23 24 25 26 27 28 29
0 1 2 3 4 6 9 10 11 14 15 23 24 25 28 29
0 1 2 3 4 5 6 7 9 10 11 12 14 15 16 18 19 20 21 23 24 25 26 27 28 29
0 1 2 3 4 6 9 10 11 14 15 23 24 25 28 29
0 1 2 3 4 6 9 10 11 14 15 23 24 25 28 29
0 1 2 3 4 5 6 7 8 9 10 11 12 13 14 15 16 17 18 19 20 21 22 23 24 25 26 27 28 29
0 6 16 5 15 -1 11 -1 -1 12 4 9 -1 -1 3 8 -1 -1 -1 -1 -1 -1 -1 7 13 14 -1 -1 2 10 1
13 1 4 11 8 -1 10 -1 -1 3 14 2 -1 -1 9 7 -1 -1 -1 -1 -1 -1 -1 16 12 5 -1 -1 15 6 0
3 4 1 6 9 -1 11 -1 -1 12 8 10 -1 -1 16 13 -1 -1 -1 -1 -1 -1 -1 5 7 2 -1 -1 15 14 0
9 14 13 0 5 -1 7 -1 -1 10 2 11 -1 -1 16 6 -1 -1 -1 -1 -1 -1 -1 8 15 12 -1 -1 4 3 1
18 15 8 17 0 11 4 16 -1 20 2 22 14 -1 25 6 5 -1 21 3 7 10 -1 26 23 19 13 24 12 9 1
2 16 13 12 6 -1 8 -1 -1 9 3 5 -1 -1 7 14 -1 -1 -1 -1 -1 -1 -1 4 11 10 -1 -1 1 15 0
10 7 16 9 6 -1 0 -1 -1 3 5 13 -1 -1 2 15 -1 -1 -1 -1 -1 -1 -1 11 4 14 -1 -1 12 8 1
11 17 18 4 8 -1 16 -1 7 5 10 3 -1 14 6 13 -1 9 -1 -1 -1 -1 12 1 20 19 -1 -1 2 15 0
23 5 7 17 2 22 11 6 -1 25 21 26 24 -1 3 4 8 -1 12 19 15 1 -1 13 14 10 9 16 20 18 0
3 17 8 24 9 26 20 7 -1 1 22 10 23 -1 11 25 13 -1 12 19 21 4 -1 14 18 2 16 6 15 5 0
5 4 15 11 16 -1 7 -1 -1 2 0 8 -1 -1 6 14 -1 -1 -1 -1 -1 -1 -1 12 10 3 -1 -1 9 13 1
12 17 7 2 15 -1 8 -1 4 18 19 0 -1 5 9 11 -1 6 -1 -1 -1 -1 20 13 3 16 -1 -1 10 14 1
12 5 20 21 25 13 19 23 -1 24 9 8 1 -1 3 2 17 -1 26 16 10 4 -1 7 18 22 15 11 6 14 0
8 11 12 14 9 -1 16 -1 -1 3 7 13 -1 -1 15 5 -1 -1 -1 -1 -1 -1 -1 1 2 6 -1 -1 10 4 0
13 8 21 14 16 17 12 18 -1 6 26 5 23 -1 0 24 7 -1 19 4 15 9 -1 11 20 3 22 10 2 25 1
12 5 14 10 13 -1 4 -1 -1 6 11 7 -1 -1 2 1 -1 -1 -1 -1 -1 -1 -1 15 16 9 -1 -1 3 8 0
16 4 10 13 8 -1 9 -1 -1 7 15 5 -1 -1 1 6 -1 -1 -1 -1 -1 -1 -1 2 3 14 -1 -1 12 11 0
7 10 12 11 3 -1 2 -1 -1 13 16 1 -1 -1 9 14 -1 -1 -1 -1 -1 -1 -1 15 4 6 -1 -1 5 8 0
5 2 8 6 13 7 4 14 -1 12 11 19 10 -1 20 25 18 -1 0 16 23 21 -1 9 3 26 15 24 22 17 1
6 16 12 25 8 18 11 3 -1 19 24 9 23 -1 2 15 20 -1 14 1 4 13 -1 26 10 17 21 5 22 7 0
14 2 7 13 11 -1 5 -1 -1 9 12 16 -1 -1 1 4 -1 -1 -1 -1 -1 -1 -1 15 6 3 -1 -1 10 8 0
19 10 13 8 5 4 23 3 -1 11 18 17 6 -1 21 2 25 -1 20 15 7 1 -1 16 24 14 9 26 22 12 0
13 25 2 9 7 22 11 8 -1 4 14 5 21 -1 16 19 10 -1 17 23 24 18 -1 26 15 6 12 3 20 1 0
3 11 2 14 9 -1 13 -1 -1 7 15 5 -1 -1 16 10 -1 -1 -1 -1 -1 -1 -1 0 12 6 -1 -1 8 4 1
25 5 16 20 4 13 14 22 -1 11 24 2 10 -1 6 19 18 -1 15 21 9 23 -1 17 1 7 8 26 12 3 0
12 11 6 16 8 -1 7 -1 -1 3 13 4 -1 -1 10 2 -1 -1 -1 -1 -1 -1 -1 5 14 1 -1 -1 9 15 0
16 18 26 22 24 9 11 12 -1 2 17 14 3 -1 19 7 6 -1 21 15 4 5 -1 10 23 8 1 20 13 25 0
12 13 8 4 5 -1 16 -1 -1 15 7 1 -1 -1 6 9 -1 -1 -1 -1 -1 -1 -1 11 2 10 -1 -1 3 14 0
5 6 16 10 14 -1 8 -1 -1 15 11 7 -1 -1 2 3 -1 -1 -1 -1 -1 -1 -1 13 4 9 -1 -1 0 12 1
17 19 28 6 30 2 23 11 18 24 20 14 10 21 12 3 25 4 7 22 26 29 15 13 5 27 9 16 8 1 0
