30
3
A O A A O A A O B O A A A A O O O A B A A A O O B O O B A A
A B O A A A O A A O O O O A A O O O O A O A O B B A O O B B
O O A
0 2 3 4 5 6 7 8 9 10 11 12 13 14 15 16 17 18 19 20 21 22 25 26 27
2 6 9 10 11 12 15 16 17 18 20 22 26 27
0 2 3 4 5 6 7 8 9 10 11 12 13 14 15 16 17 18 19 20 21 22 25 26 27
0 2 3 4 5 6 7 8 9 10 11 12 13 14 15 16 17 18 19 20 21 22 25 26 27
2 6 9 10 11 12 15 16 17 18 20 22 26 27
0 2 3 4 5 6 7 8 9 10 11 12 13 14 15 16 17 18 19 20 21 22 25 26 27
0 2 3 4 5 6 7 8 9 10 11 12 13 14 15 16 17 18 19 20 21 22 25 26 27
2 6 9 10 11 12 15 16 17 18 20 22 26 27
1 2 6 9 10 11 12 15 16 17 18 20 22 23 24 26 27 28 29
2 6 9 10 11 12 15 16 17 18 20 22 26 27
0 2 3 4 5 6 7 8 9 10 11 12 13 14 15 16 17 18 19 20 21 22 25 26 27
0 2 3 4 5 6 7 8 9 10 11 12 13 14 15 16 17 18 19 20 21 22 25 26 27
0 2 3 4 5 6 7 8 9 10 11 12 13 14 15 16 17 18 19 20 21 22 25 26 27
0 2 3 4 5 6 7 8 9 10 11 12 13 14 15 16 17 18 19 20 21 22 25 26 27
2 6 9 10 11 12 15 16 17 18 20 22 26 27
2 6 9 10 11 12 15 16 17 18 20 22 26 27
2 6 9 10 11 12 15 16 17 18 20 22 26 27
0 2 3 4 5 6 7 8 9 10 11 12 13 14 15 16 17 18 19 20 21 22 25 26 27
1 2 6 9 10 11 12 15 16 17 18 20 22 23 24 26 27 28 29
0 2 3 4 5 6 7 8 9 10 11 12 13 14 15 16 17 18 19 20 21 22 25 26 27
0 2 3 4 5 6 7 8 9 10 11 12 13 14 15 16 17 18 19 20 21 22 25 26 27
0 2 3 4 5 6 7 8 9 10 11 12 13 14 15 16 17 18 19 20 21 22 25 26 27
2 6 9 10 11 12 15 16 17 18 20 22 26 27
2 6 9 10 11 12 15 16 17 18 20 22 26 27
1 2 6 9 10 11 12 15 16 17 18 20 22 23 24 26 27 28 29
2 6 9 10 11 12 15 16 17 18 20 22 26 27
2 6 9 10 11 12 15 16 17 18 20 22 26 27
1 2 6 9 10 11 12 15 16 17 18 20 22 23 24 26 27 28 29
0 2 3 4 5 6 7 8 9 10 11 12 13 14 15 16 17 18 19 20 21 22 25 26 27
0 2 3 4 5 6 7 8 9 10 11 12 13 14 15 16 17 18 19 20 21 22 25 26 27
0 -1 9 6 22 12 10 7 15 2 5 16 14 19 8 21 25 24 13 17 18 23 3 -1 -1 20 4 11 -1 -1 1
-1 -1 6 -1 -1 -1 2 -1 -1 8 3 4 14 -1 -1 10 5 12 13 -1 7 -1 1 -1 -1 -1 9 11 -1 -1 0
10 -1 1 25 23 16 20 17 11 4 18 12 6 7 9 3 19 24 14 2 5 15 22 -1 -1 21 8 13 -1 -1 0
12 -1 11 1 19 10 20 24 25 22 3 17 14 9 6 8 18 16 23 4 21 2 5 -1 -1 15 7 13 -1 -1 0
-1 -1 11 -1 -1 -1 6 -1 -1 4 5 8 1 -1 -1 13 7 9 2 -1 12 -1 3 -1 -1 -1 14 10 -1 -1 0
10 -1 14 22 5 1 12 16 13 18 20 24 17 8 3 11 21 15 23 7 9 4 6 -1 -1 2 19 25 -1 -1 0
4 -1 22 21 16 13 0 17 18 9 20 15 10 11 23 24 3 19 14 6 7 8 5 -1 -1 25 2 12 -1 -1 1
-1 -1 6 -1 -1 -1 7 -1 -1 14 8 11 5 -1 -1 12 3 13 4 -1 1 -1 10 -1 -1 -1 2 9 -1 -1 0
-1 8 19 -1 -1 -1 18 -1 -1 7 17 13 12 -1 -1 4 5 1 16 -1 2 -1 11 14 10 -1 15 3 6 9 0
-1 -1 3 -1 -1 -1 13 -1 -1 0 4 9 8 -1 -1 2 14 10 5 -1 11 -1 6 -1 -1 -1 7 12 -1 -1 1
5 -1 14 12 7 23 22 3 4 25 0 11 19 15 6 24 13 10 21 8 20 9 18 -1 -1 2 16 17 -1 -1 1
9 -1 22 3 5 16 18 21 4 24 11 0 8 13 14 2 6 25 7 17 20 10 12 -1 -1 23 15 19 -1 -1 1
4 -1 21 12 10 9 2 3 22 20 18 14 1 19 23 7 15 13 5 11 6 8 16 -1 -1 24 25 17 -1 -1 0
14 -1 13 17 15 11 23 25 10 6 20 12 5 1 4 22 9 21 18 24 3 19 16 -1 -1 7 8 2 -1 -1 0
-1 -1 14 -1 -1 -1 13 -1 -1 5 4 6 7 -1 -1 8 3 12 11 -1 9 -1 1 -1 -1 -1 10 2 -1 -1 0
-1 -1 4 -1 -1 -1 8 -1 -1 13 7 5 3 -1 -1 0 9 12 11 -1 6 -1 2 -1 -1 -1 10 14 -1 -1 1
-1 -1 6 -1 -1 -1 8 -1 -1 3 9 2 7 -1 -1 14 1 13 11 -1 10 -1 5 -1 -1 -1 12 4 -1 -1 0
13 -1 5 15 19 14 11 6 3 20 23 7 2 24 22 18 4 1 12 25 17 16 10 -1 -1 8 9 21 -1 -1 0
-1 16 15 -1 -1 -1 12 -1 -1 6 4 10 17 -1 -1 19 7 2 1 -1 8 -1 3 5 13 -1 14 18 11 9 0
23 -1 18 14 9 10 20 4 21 16 13 22 3 8 11 5 2 17 15 0 24 19 12 -1 -1 25 6 7 -1 -1 1
17 -1 18 8 19 14 6 4 7 3 21 20 11 24 12 10 23 9 5 15 0 16 2 -1 -1 22 13 25 -1 -1 1
10 -1 24 23 18 16 20 12 15 8 4 11 3 2 21 9 19 17 7 6 13 1 22 -1 -1 14 5 25 -1 -1 0
-1 -1 5 -1 -1 -1 9 -1 -1 8 12 6 7 -1 -1 4 10 13 3 -1 11 -1 0 -1 -1 -1 2 14 -1 -1 1
-1 -1 14 -1 -1 -1 9 -1 -1 7 4 1 6 -1 -1 5 8 11 2 -1 12 -1 10 -1 -1 -1 3 13 -1 -1 0
-1 19 2 -1 -1 -1 15 -1 -1 12 18 14 9 -1 -1 6 7 10 4 -1 3 -1 5 13 0 -1 16 17 11 8 1
-1 -1 8 -1 -1 -1 3 -1 -1 1 11 12 7 -1 -1 10 6 14 2 -1 5 -1 9 -1 -1 -1 13 4 -1 -1 0
-1 -1 4 -1 -1 -1 11 -1 -1 7 14 6 5 -1 -1 10 8 3 12 -1 2 -1 13 -1 -1 -1 0 9 -1 -1 1
-1 19 5 -1 -1 -1 4 -1 -1 3 8 12 14 -1 -1 15 13 16 9 -1 11 -1 17 2 7 -1 6 1 18 10 0
23 -1 16 6 5 4 9 19 10 24 18 7 1 15 14 21 3 17 2 13 25 11 22 -1 -1 20 8 12 -1 -1 0
20 -1 18 21 4 9 16 5 3 25 17 8 14 23 13 11 22 12 24 15 10 6 1 -1 -1 19 2 7 -1 -1 0
