30
3
O A O O O O O O A A O A O O O A O A O O B A O B A O O A O A
A B O A A O A O O O AB A A A O O AB A A O A A B AB A O O B A O
A O O
2 5 7 8 9 14 15 19 25 26 29
0 2 3 4 5 6 7 8 9 11 12 13 14 15 17 18 19 20 21 24 25 26 28 29
2 5 7 8 9 14 15 19 25 26 29
2 5 7 8 9 14 15 19 25 26 29
2 5 7 8 9 14 15 19 25 26 29
2 5 7 8 9 14 15 19 25 26 29
2 5 7 8 9 14 15 19 25 26 29
2 5 7 8 9 14 15 19 25 26 29
0 2 3 4 5 6 7 8 9 11 12 13 14 15 17 18 19 20 21 24 25 26 28 29
0 2 3 4 5 6 7 8 9 11 12 13 14 15 17 18 19 20 21 24 25 26 28 29
2 5 7 8 9 14 15 19 25 26 29
0 2 3 4 5 6 7 8 9 11 12 13 14 15 17 18 19 20 21 24 25 26 28 29
2 5 7 8 9 14 15 19 25 26 29
2 5 7 8 9 14 15 19 25 26 29
2 5 7 8 9 14 15 19 25 26 29
0 2 3 4 5 6 7 8 9 11 12 13 14 15 17 18 19 20 21 24 25 26 28 29
2 5 7 8 9 14 15 19 25 26 29
0 2 3 4 5 6 7 8 9 11 12 13 14 15 17 18 19 20 21 24 25 26 28 29
2 5 7 8 9 14 15 19 25 26 29
2 5 7 8 9 14 15 19 25 26 29
1 2 5 7 8 9 14 15 19 22 25 26 27 29
0 2 3 4 5 6 7 8 9 11 12 13 14 15 17 18 19 20 21 24 25 26 28 29
2 5 7 8 9 14 15 19 25 26 29
1 2 5 7 8 9 14 15 19 22 25 26 27 29
0 2 3 4 5 6 7 8 9 11 12 13 14 15 17 18 19 20 21 24 25 26 28 29
2 5 7 8 9 14 15 19 25 26 29
2 5 7 8 9 14 15 19 25 26 29
0 2 3 4 5 6 7 8 9 11 12 13 14 15 17 18 19 20 21 24 25 26 28 29
2 5 7 8 9 14 15 19 25 26 29
0 2 3 4 5 6 7 8 9 11 12 13 14 15 17 18 19 20 21 24 25 26 28 29
1 -1 3 -1 -1 12 -1 8 4 9 -1 -1 -1 -1 10 11 -1 -1 -1 2 -1 -1 -1 -1 -1 5 7 -1 -1 6 0
8 0 15 17 4 23 24 2 11 22 -1 3 21 19 25 16 -1 10 9 12 13 7 -1 -1 14 6 18 -1 20 5 1
-1 -1 -1 -1 -1 11 -1 6 5 1 -1 -1 -1 -1 10 4 -1 -1 -1 7 -1 -1 -1 -1 -1 8 9 -1 -1 2 0
-1 -1 4 1 -1 3 -1 5 12 10 -1 -1 -1 -1 2 7 -1 -1 -1 8 -1 -1 -1 -1 -1 9 11 -1 -1 6 0
-1 -1 3 -1 1 11 -1 8 12 6 -1 -1 -1 -1 10 9 -1 -1 -1 2 -1 -1 -1 -1 -1 4 7 -1 -1 5 0
-1 -1 8 -1 -1 -1 -1 6 9 11 -1 -1 -1 -1 4 5 -1 -1 -1 3 -1 -1 -1 -1 -1 10 2 -1 -1 1 0
-1 -1 9 -1 -1 11 1 7 6 4 -1 -1 -1 -1 10 12 -1 -1 -1 5 -1 -1 -1 -1 -1 8 3 -1 -1 2 0
-1 -1 6 -1 -1 2 -1 -1 1 4 -1 -1 -1 -1 9 11 -1 -1 -1 8 -1 -1 -1 -1 -1 7 10 -1 -1 5 0
5 -1 18 7 8 13 16 1 -1 17 -1 9 14 3 4 6 -1 10 11 21 23 2 -1 -1 24 12 20 -1 15 19 0
15 -1 10 8 1 12 5 18 9 -1 -1 13 22 16 11 17 -1 24 7 20 21 23 -1 -1 4 3 6 -1 19 2 0
-1 -1 5 -1 -1 7 -1 10 11 4 0 -1 -1 -1 9 6 -1 -1 -1 8 -1 -1 -1 -1 -1 3 12 -1 -1 2 1
18 -1 5 17 6 24 22 2 9 13 -1 -1 12 23 20 1 -1 14 10 21 11 8 -1 -1 4 19 16 -1 7 3 0
-1 -1 3 -1 -1 11 -1 12 4 10 -1 -1 0 -1 2 5 -1 -1 -1 9 -1 -1 -1 -1 -1 8 6 -1 -1 7 1
-1 -1 5 -1 -1 4 -1 7 6 10 -1 -1 -1 1 8 3 -1 -1 -1 11 -1 -1 -1 -1 -1 2 9 -1 -1 12 0
-1 -1 9 -1 -1 5 -1 1 6 2 -1 -1 -1 -1 -1 7 -1 -1 -1 10 -1 -1 -1 -1 -1 3 11 -1 -1 4 0
17 -1 15 24 16 6 8 20 11 13 -1 3 22 4 7 -1 -1 21 9 18 1 10 -1 -1 19 12 2 -1 14 23 0
-1 -1 9 -1 -1 2 -1 10 12 8 -1 -1 -1 -1 3 7 0 -1 -1 4 -1 -1 -1 -1 -1 6 5 -1 -1 11 1
23 -1 21 18 17 16 7 3 2 13 -1 24 6 19 10 20 -1 -1 5 8 14 1 -1 -1 12 9 4 -1 15 11 0
-1 -1 3 -1 -1 4 -1 2 12 10 -1 -1 -1 -1 5 8 -1 -1 0 9 -1 -1 -1 -1 -1 7 11 -1 -1 6 1
-1 -1 3 -1 -1 9 -1 8 5 6 -1 -1 -1 -1 2 4 -1 -1 -1 -1 -1 -1 -1 -1 -1 11 7 -1 -1 10 0
-1 13 12 -1 -1 6 -1 11 5 15 -1 -1 -1 -1 3 4 -1 -1 -1 14 1 -1 10 -1 -1 9 2 8 -1 7 0
1 -1 17 19 3 15 4 21 22 23 -1 7 6 14 8 12 -1 10 13 5 24 -1 -1 -1 16 2 18 -1 11 20 0
-1 -1 10 -1 -1 4 -1 6 7 8 -1 -1 -1 -1 5 12 -1 -1 -1 3 -1 -1 1 -1 -1 2 9 -1 -1 11 0
-1 4 8 -1 -1 9 -1 2 10 3 -1 -1 -1 -1 15 14 -1 -1 -1 6 -1 -1 12 0 -1 5 7 11 -1 13 1
6 -1 18 21 9 23 20 17 14 4 -1 2 12 5 15 22 -1 1 16 24 11 7 -1 -1 -1 3 10 -1 13 8 0
-1 -1 10 -1 -1 2 -1 8 6 3 -1 -1 -1 -1 4 1 -1 -1 -1 9 -1 -1 -1 -1 -1 -1 11 -1 -1 5 0
-1 -1 10 -1 -1 4 -1 5 8 2 -1 -1 -1 -1 7 11 -1 -1 -1 6 -1 -1 -1 -1 -1 9 -1 -1 -1 3 0
5 -1 12 9 7 6 24 19 21 10 -1 25 22 16 8 18 -1 11 2 3 14 23 -1 -1 17 13 15 0 4 20 1
-1 -1 5 -1 -1 11 -1 9 10 6 -1 -1 -1 -1 3 7 -1 -1 -1 2 -1 -1 -1 -1 -1 12 4 -1 0 8 1
23 -1 8 2 12 16 7 5 14 22 -1 6 11 24 10 4 -1 3 18 20 13 15 -1 -1 21 17 19 -1 1 -1 0
