30
3
O O B O A A A A A A A A O O A AB A O A A A B O A O A O O A O
A O B A O A A A O B A O A A B O O O A O A A O O O O AB O A A
B A B
1 4 8 11 15 16 17 19 22 23 24 25 27
1 4 8 11 15 16 17 19 22 23 24 25 27
1 2 4 8 9 11 14 15 16 17 19 22 23 24 25 27
1 4 8 11 15 16 17 19 22 23 24 25 27
0 1 3 4 5 6 7 8 10 11 12 13 15 16 17 18 19 20 21 22 23 24 25 27 28 29
0 1 3 4 5 6 7 8 10 11 12 13 15 16 17 18 19 20 21 22 23 24 25 27 28 29
0 1 3 4 5 6 7 8 10 11 12 13 15 16 17 18 19 20 21 22 23 24 25 27 28 29
0 1 3 4 5 6 7 8 10 11 12 13 15 16 17 18 19 20 21 22 23 24 25 27 28 29
0 1 3 4 5 6 7 8 10 11 12 13 15 16 17 18 19 20 21 22 23 24 25 27 28 29
0 1 3 4 5 6 7 8 10 11 12 13 15 16 17 18 19 20 21 22 23 24 25 27 28 29
0 1 3 4 5 6 7 8 10 11 12 13 15 16 17 18 19 20 21 22 23 24 25 27 28 29
0 1 3 4 5 6 7 8 10 11 12 13 15 16 17 18 19 20 21 22 23 24 25 27 28 29
1 4 8 11 15 16 17 19 22 23 24 25 27
1 4 8 11 15 16 17 19 22 23 24 25 27
0 1 3 4 5 6 7 8 10 11 12 13 15 16 17 18 19 20 21 22 23 24 25 27 28 29
0 1 2 3 4 5 6 7 8 9 10 11 12 13 14 15 16 17 18 19 20 21 22 23 24 25 26 27 28 29
0 1 3 4 5 6 7 8 10 11 12 13 15 16 17 18 19 20 21 22 23 24 25 27 28 29
1 4 8 11 15 16 17 19 22 23 24 25 27
0 1 3 4 5 6 7 8 10 11 12 13 15 16 17 18 19 20 21 22 23 24 25 27 28 29
0 1 3 4 5 6 7 8 10 11 12 13 15 16 17 18 19 20 21 22 23 24 25 27 28 29
0 1 3 4 5 6 7 8 10 11 12 13 15 16 17 18 19 20 21 22 23 24 25 27 28 29
1 2 4 8 9 11 14 15 16 17 19 22 23 24 25 27
1 4 8 11 15 16 17 19 22 23 24 25 27
0 1 3 4 5 6 7 8 10 11 12 13 15 16 17 18 19 20 21 22 23 24 25 27 28 29
1 4 8 11 15 16 17 19 22 23 24 25 27
0 1 3 4 5 6 7 8 10 11 12 13 15 16 17 18 19 20 21 22 23 24 25 27 28 29
1 4 8 11 15 16 17 19 22 23 24 25 27
1 4 8 11 15 16 17 19 22 23 24 25 27
0 1 3 4 5 6 7 8 10 11 12 13 15 16 17 18 19 20 21 22 23 24 25 27 28 29
1 4 8 11 15 16 17 19 22 23 24 25 27
-1 6 -1 -1 7 -1 -1 -1 8 -1 -1 1 -1 -1 -1 12 4 13 -1 2 -1 -1 3 9 11 5 -1 10 -1 -1 0
-1 0 -1 -1 11 -1 -1 -1 12 -1 -1 5 -1 -1 -1 7 3 8 -1 13 -1 -1 10 4 9 6 -1 2 -1 -1 1
-1 7 0 -1 6 -1 -1 -1 12 14 -1 8 -1 -1 9 11 13 5 -1 16 -1 -1 4 15 10 2 -1 3 -1 -1 1
-1 2 -1 -1 4 -1 -1 -1 7 -1 -1 6 -1 -1 -1 11 12 1 -1 5 -1 -1 3 10 13 9 -1 8 -1 -1 0
5 8 -1 22 1 3 18 24 25 -1 7 2 19 23 -1 6 14 12 13 26 16 10 9 17 15 4 -1 21 11 20 0
17 15 -1 7 8 0 18 12 3 -1 2 5 4 10 -1 19 21 26 9 24 22 14 20 11 23 25 -1 16 13 6 1
2 9 -1 4 10 6 1 16 23 -1 8 26 21 22 -1 20 15 19 13 11 14 17 12 24 7 18 -1 25 5 3 0
5 26 -1 14 12 20 6 1 16 -1 18 7 24 4 -1 10 11 23 15 25 2 19 21 22 13 3 -1 8 9 17 0
26 11 -1 16 12 9 17 23 0 -1 2 8 4 24 -1 5 19 3 13 6 10 15 21 14 18 22 -1 7 25 20 1
16 10 -1 7 22 19 20 9 5 -1 14 1 25 18 -1 11 26 23 2 8 17 4 12 15 13 21 -1 3 6 24 0
5 6 -1 18 4 22 10 12 15 -1 1 9 24 17 -1 8 21 19 11 20 3 7 2 26 13 16 -1 23 14 25 0
19 23 -1 8 6 3 16 11 14 -1 15 0 18 25 -1 10 24 13 12 20 22 26 9 2 5 4 -1 17 7 21 1
-1 10 -1 -1 7 -1 -1 -1 3 -1 -1 2 -1 -1 -1 8 12 4 -1 5 -1 -1 13 9 1 11 -1 6 -1 -1 0
-1 2 -1 -1 8 -1 -1 -1 4 -1 -1 9 -1 -1 -1 7 13 1 -1 5 -1 -1 10 6 12 11 -1 3 -1 -1 0
26 5 -1 6 24 9 3 23 11 -1 22 16 4 17 -1 7 19 25 15 13 21 20 14 8 2 1 -1 18 10 12 0
5 27 7 11 14 30 21 28 18 10 15 23 16 6 20 1 8 22 12 3 4 25 19 2 29 13 26 9 24 17 0
9 26 -1 13 4 8 2 11 15 -1 3 23 6 17 -1 19 1 25 5 22 16 14 20 21 12 10 -1 24 18 7 0
-1 11 -1 -1 2 -1 -1 -1 9 -1 -1 10 -1 -1 -1 3 6 1 -1 4 -1 -1 12 5 13 7 -1 8 -1 -1 0
24 18 -1 12 2 21 7 17 16 -1 20 4 11 22 -1 13 6 8 0 19 3 23 9 14 15 10 -1 5 25 26 1
4 21 -1 23 15 2 11 12 7 -1 20 17 26 9 -1 22 19 25 24 1 5 14 13 16 6 10 -1 3 8 18 0
15 22 -1 7 26 23 21 12 18 -1 25 9 2 3 -1 5 8 16 14 17 1 24 19 4 10 6 -1 13 20 11 0
-1 16 14 -1 2 -1 -1 -1 3 5 -1 7 -1 -1 9 8 12 15 -1 11 -1 -1 6 1 13 4 -1 10 -1 -1 0
-1 6 -1 -1 12 -1 -1 -1 7 -1 -1 10 -1 -1 -1 4 8 13 -1 9 -1 -1 1 3 5 2 -1 11 -1 -1 0
12 6 -1 19 4 21 7 17 22 -1 11 15 9 20 -1 23 26 5 3 24 18 14 25 1 2 8 -1 10 16 13 0
-1 7 -1 -1 5 -1 -1 -1 9 -1 -1 4 -1 -1 -1 2 13 8 -1 10 -1 -1 3 11 0 12 -1 6 -1 -1 1
23 7 -1 10 3 11 24 18 6 -1 14 2 16 21 -1 17 19 12 5 15 9 4 13 8 25 1 -1 20 22 26 0
-1 12 -1 -1 13 -1 -1 -1 4 -1 -1 11 -1 -1 -1 2 5 7 -1 3 -1 -1 10 9 6 1 -1 8 -1 -1 0
-1 10 -1 -1 5 -1 -1 -1 9 -1 -1 7 -1 -1 -1 2 12 6 -1 11 -1 -1 13 4 3 8 -1 1 -1 -1 0
20 17 -1 22 21 25 4 12 26 -1 23 10 16 11 -1 19 9 6 2 13 5 15 3 14 18 24 -1 7 1 8 0
-1 3 -1 -1 8 -1 -1 -1 9 -1 -1 6 -1 -1 -1 5 4 2 -1 13 -1 -1 7 11 10 12 -1 1 -1 -1 0
