30
3
O AB A O O O O B O A O A A A A O B O A O A A O O A A A A O A
A A A B B A O A B O A A O A AB O A A O O A O O A B O A AB A O
O O B
6 9 12 15 18 19 21 22 25 29
0 1 2 3 4 5 6 7 8 9 10 11 12 13 14 15 16 17 18 19 20 21 22 23 24 25 26 27 28 29
0 1 2 5 6 7 9 10 11 12 13 15 16 17 18 19 20 21 22 23 25 26 28 29
6 9 12 15 18 19 21 22 25 29
6 9 12 15 18 19 21 22 25 29
6 9 12 15 18 19 21 22 25 29
6 9 12 15 18 19 21 22 25 29
3 4 6 8 9 12 15 18 19 21 22 24 25 29
6 9 12 15 18 19 21 22 25 29
0 1 2 5 6 7 9 10 11 12 13 15 16 17 18 19 20 21 22 23 25 26 28 29
6 9 12 15 18 19 21 22 25 29
0 1 2 5 6 7 9 10 11 12 13 15 16 17 18 19 20 21 22 23 25 26 28 29
0 1 2 5 6 7 9 10 11 12 13 15 16 17 18 19 20 21 22 23 25 26 28 29
0 1 2 5 6 7 9 10 11 12 13 15 16 17 18 19 20 21 22 23 25 26 28 29
0 1 2 5 6 7 9 10 11 12 13 15 16 17 18 19 20 21 22 23 25 26 28 29
6 9 12 15 18 19 21 22 25 29
3 4 6 8 9 12 15 18 19 21 22 24 25 29
6 9 12 15 18 19 21 22 25 29
0 1 2 5 6 7 9 10 11 12 13 15 16 17 18 19 20 21 22 23 25 26 28 29
6 9 12 15 18 19 21 22 25 29
0 1 2 5 6 7 9 10 11 12 13 15 16 17 18 19 20 21 22 23 25 26 28 29
0 1 2 5 6 7 9 10 11 12 13 15 16 17 18 19 20 21 22 23 25 26 28 29
6 9 12 15 18 19 21 22 25 29
6 9 12 15 18 19 21 22 25 29
0 1 2 5 6 7 9 10 11 12 13 15 16 17 18 19 20 21 22 23 25 26 28 29
0 1 2 5 6 7 9 10 11 12 13 15 16 17 18 19 20 21 22 23 25 26 28 29
0 1 2 5 6 7 9 10 11 12 13 15 16 17 18 19 20 21 22 23 25 26 28 29
0 1 2 5 6 7 9 10 11 12 13 15 16 17 18 19 20 21 22 23 25 26 28 29
6 9 12 15 18 19 21 22 25 29
0 1 2 5 6 7 9 10 11 12 13 15 16 17 18 19 20 21 22 23 25 26 28 29
0 -1 -1 -1 -1 -1 6 -1 -1 10 -1 -1 2 -1 -1 11 -1 -1 5 8 -1 3 4 -1 -1 7 -1 -1 -1 9 1
8 27 11 4 1 19 6 2 20 18 23 7 5 10 28 3 26 13 29 24 15 22 9 14 21 25 16 12 30 17 0
22 18 21 -1 -1 20 24 9 -1 19 14 8 10 7 -1 3 13 16 1 6 23 15 5 4 -1 11 17 -1 12 2 0
-1 -1 -1 0 -1 -1 5 -1 -1 9 -1 -1 6 -1 -1 3 -1 -1 4 10 -1 11 8 -1 -1 7 -1 -1 -1 2 1
-1 -1 -1 -1 1 -1 9 -1 -1 10 -1 -1 7 -1 -1 11 -1 -1 4 5 -1 2 6 -1 -1 8 -1 -1 -1 3 0
-1 -1 -1 -1 -1 0 3 -1 -1 4 -1 -1 8 -1 -1 9 -1 -1 7 2 -1 6 10 -1 -1 11 -1 -1 -1 5 1
-1 -1 -1 -1 -1 -1 2 -1 -1 5 -1 -1 6 -1 -1 7 -1 -1 3 4 -1 8 10 -1 -1 9 -1 -1 -1 1 0
-1 -1 -1 4 11 -1 7 0 14 12 -1 -1 6 -1 -1 9 -1 -1 8 13 -1 10 15 -1 5 2 -1 -1 -1 3 1
-1 -1 -1 -1 -1 -1 7 -1 0 4 -1 -1 6 -1 -1 5 -1 -1 10 3 -1 11 8 -1 -1 2 -1 -1 -1 9 1
8 21 7 -1 -1 23 5 15 -1 20 16 2 22 4 -1 14 3 6 10 12 11 17 18 9 -1 1 24 -1 19 13 0
-1 -1 -1 -1 -1 -1 9 -1 -1 8 0 -1 5 -1 -1 10 -1 -1 11 7 -1 6 3 -1 -1 2 -1 -1 -1 4 1
23 8 15 -1 -1 3 17 6 -1 5 21 4 20 7 -1 22 12 2 11 18 24 1 9 10 -1 13 16 -1 14 19 0
24 6 8 -1 -1 16 15 4 -1 10 11 23 5 20 -1 18 21 22 12 3 13 2 7 1 -1 17 9 -1 19 14 0
7 1 10 -1 -1 21 18 19 -1 17 20 12 2 22 -1 13 16 9 8 4 3 24 15 14 -1 5 6 -1 11 23 0
15 19 23 -1 -1 8 2 16 -1 6 21 9 17 12 1 7 5 24 4 18 13 25 22 14 -1 10 3 -1 11 20 0
-1 -1 -1 -1 -1 -1 3 -1 -1 4 -1 -1 9 -1 -1 1 -1 -1 7 10 -1 5 8 -1 -1 6 -1 -1 -1 2 0
-1 -1 -1 3 5 -1 2 -1 7 12 -1 -1 10 -1 -1 13 0 -1 9 8 -1 11 14 -1 4 15 -1 -1 -1 6 1
-1 -1 -1 -1 -1 -1 8 -1 -1 10 -1 -1 11 -1 -1 6 -1 1 7 9 -1 5 4 -1 -1 3 -1 -1 -1 2 0
17 10 22 -1 -1 13 3 24 -1 12 14 9 7 6 -1 21 4 8 19 16 2 20 5 18 -1 15 11 -1 1 23 0
-1 -1 -1 -1 -1 -1 7 -1 -1 3 -1 -1 9 -1 -1 2 -1 -1 1 10 -1 5 4 -1 -1 6 -1 -1 -1 8 0
17 13 12 -1 -1 24 20 23 -1 14 4 22 19 21 -1 18 1 6 3 10 7 8 2 5 -1 15 11 -1 9 16 0
23 16 10 -1 -1 21 12 4 -1 11 3 14 7 19 -1 9 2 17 5 22 8 6 20 1 -1 13 24 -1 15 18 0
-1 -1 -1 -1 -1 -1 5 -1 -1 3 -1 -1 8 -1 -1 4 -1 -1 10 9 -1 1 7 -1 -1 2 -1 -1 -1 6 0
-1 -1 -1 -1 -1 -1 8 -1 -1 2 -1 -1 11 -1 -1 10 -1 -1 4 3 -1 6 7 0 -1 9 -1 -1 -1 5 1
3 11 7 -1 -1 6 23 13 -1 20 14 25 18 10 -1 24 17 21 5 22 8 12 2 9 1 16 4 -1 15 19 0
15 10 18 -1 -1 21 11 4 -1 5 20 9 3 12 -1 6 24 23 2 22 13 16 1 19 -1 7 17 -1 14 8 0
12 16 9 -1 -1 8 17 22 -1 15 6 1 23 13 -1 7 24 4 19 20 5 18 21 10 -1 11 14 -1 3 2 0
16 3 10 -1 -1 21 23 22 -1 18 8 25 11 20 -1 19 9 7 17 13 12 15 2 24 -1 6 5 1 4 14 0
-1 -1 -1 -1 -1 -1 3 -1 -1 2 -1 -1 10 -1 -1 9 -1 -1 8 4 -1 5 6 -1 -1 7 -1 -1 0 11 1
15 12 2 -1 -1 1 5 14 -1 11 19 6 8 3 -1 24 7 4 13 16 20 10 21 9 -1 18 17 -1 23 22 0
