30
3
A O O A A O O O A O O O B O A B A A O O O O A O A O O O O A
B O O AB A O O O A A B O AB O A A A A O A A O A O O B O O O O
A O O
1 2 4 5 6 7 8 9 11 13 14 15 16 17 18 19 20 21 22 23 24 26 27 28 29
1 2 5 6 7 11 13 18 21 23 24 26 27 28 29
1 2 5 6 7 11 13 18 21 23 24 26 27 28 29
1 2 4 5 6 7 8 9 11 13 14 15 16 17 18 19 20 21 22 23 24 26 27 28 29
1 2 4 5 6 7 8 9 11 13 14 15 16 17 18 19 20 21 22 23 24 26 27 28 29
1 2 5 6 7 11 13 18 21 23 24 26 27 28 29
1 2 5 6 7 11 13 18 21 23 24 26 27 28 29
1 2 5 6 7 11 13 18 21 23 24 26 27 28 29
1 2 4 5 6 7 8 9 11 13 14 15 16 17 18 19 20 21 22 23 24 26 27 28 29
1 2 5 6 7 11 13 18 21 23 24 26 27 28 29
1 2 5 6 7 11 13 18 21 23 24 26 27 28 29
1 2 5 6 7 11 13 18 21 23 24 26 27 28 29
0 1 2 5 6 7 10 11 13 18 21 23 24 25 26 27 28 29
1 2 5 6 7 11 13 18 21 23 24 26 27 28 29
1 2 4 5 6 7 8 9 11 13 14 15 16 17 18 19 20 21 22 23 24 26 27 28 29
0 1 2 5 6 7 10 11 13 18 21 23 24 25 26 27 28 29
1 2 4 5 6 7 8 9 11 13 14 15 16 17 18 19 20 21 22 23 24 26 27 28 29
1 2 4 5 6 7 8 9 11 13 14 15 16 17 18 19 20 21 22 23 24 26 27 28 29
1 2 5 6 7 11 13 18 21 23 24 26 27 28 29
1 2 5 6 7 11 13 18 21 23 24 26 27 28 29
1 2 5 6 7 11 13 18 21 23 24 26 27 28 29
1 2 5 6 7 11 13 18 21 23 24 26 27 28 29
1 2 4 5 6 7 8 9 11 13 14 15 16 17 18 19 20 21 22 23 24 26 27 28 29
1 2 5 6 7 11 13 18 21 23 24 26 27 28 29
1 2 4 5 6 7 8 9 11 13 14 15 16 17 18 19 20 21 22 23 24 26 27 28 29
1 2 5 6 7 11 13 18 21 23 24 26 27 28 29
1 2 5 6 7 11 13 18 21 23 24 26 27 28 29
1 2 5 6 7 11 13 18 21 23 24 26 27 28 29
1 2 5 6 7 11 13 18 21 23 24 26 27 28 29
1 2 4 5 6 7 8 9 11 13 14 15 16 17 18 19 20 21 22 23 24 26 27 28 29
-1 10 25 -1 20 2 11 8 4 14 -1 12 -1 17 23 5 13 15 16 3 7 21 1 6 18 -1 24 19 9 22 0
-1 1 4 -1 -1 2 13 8 -1 -1 -1 6 -1 5 -1 -1 -1 -1 9 -1 -1 14 -1 10 3 -1 7 11 12 15 0
-1 14 1 -1 -1 7 5 8 -1 -1 -1 15 -1 4 -1 -1 -1 -1 10 -1 -1 11 -1 2 13 -1 6 3 12 9 0
-1 3 9 -1 14 10 18 19 23 12 -1 8 -1 20 4 16 6 15 5 21 1 22 2 11 7 -1 25 17 24 13 0
-1 5 4 -1 1 6 13 3 16 7 -1 8 -1 10 19 22 15 25 14 20 24 11 21 2 23 -1 9 17 12 18 0
-1 2 9 -1 -1 1 6 7 -1 -1 -1 4 -1 8 -1 -1 -1 -1 13 -1 -1 5 -1 14 15 -1 11 3 12 10 0
-1 7 12 -1 -1 9 1 8 -1 -1 -1 15 -1 3 -1 -1 -1 -1 6 -1 -1 11 -1 2 14 -1 4 10 5 13 0
-1 4 3 -1 -1 12 7 1 -1 -1 -1 2 -1 5 -1 -1 -1 -1 11 -1 -1 13 -1 14 10 -1 8 6 9 15 0
-1 15 24 -1 7 19 20 12 0 18 -1 4 -1 13 21 8 16 22 6 3 25 2 5 9 11 -1 14 10 23 17 1
-1 12 11 -1 -1 1 14 4 -1 -1 -1 8 -1 5 -1 -1 -1 -1 3 -1 -1 13 -1 9 2 -1 15 6 7 10 0
-1 7 5 -1 -1 11 4 12 -1 -1 -1 6 -1 15 -1 -1 -1 -1 1 -1 -1 13 -1 9 2 -1 14 3 10 8 0
-1 3 4 -1 -1 13 9 7 -1 -1 -1 0 -1 6 -1 -1 -1 -1 12 -1 -1 10 -1 2 14 -1 8 5 15 11 1
10 1 5 -1 -1 8 3 6 -1 -1 2 4 -1 17 -1 -1 -1 -1 14 -1 -1 15 -1 9 7 16 13 12 11 18 0
-1 10 14 -1 -1 13 15 8 -1 -1 -1 3 -1 0 -1 -1 -1 -1 11 -1 -1 5 -1 4 12 -1 7 9 6 2 1
-1 5 9 -1 19 15 16 25 14 12 -1 10 -1 17 0 11 3 18 6 7 4 13 2 21 22 -1 23 24 8 20 1
14 16 4 -1 -1 17 1 9 -1 -1 18 12 -1 11 -1 -1 -1 -1 8 -1 -1 5 -1 7 13 10 6 3 2 15 0
-1 21 15 -1 24 17 4 20 25 3 -1 13 -1 7 11 18 0 6 14 2 19 22 9 23 12 -1 5 8 10 16 1
-1 11 22 -1 17 9 15 2 14 7 -1 8 -1 12 6 4 23 0 16 19 13 10 3 21 20 -1 25 18 5 24 1
-1 12 8 -1 -1 3 4 6 -1 -1 -1 9 -1 7 -1 -1 -1 -1 0 -1 -1 15 -1 5 11 -1 14 13 10 2 1
-1 10 4 -1 -1 14 6 7 -1 -1 -1 2 -1 1 -1 -1 -1 -1 8 -1 -1 13 -1 9 15 -1 3 12 5 11 0
-1 2 10 -1 -1 14 3 8 -1 -1 -1 4 -1 5 -1 -1 -1 -1 15 -1 -1 9 -1 13 6 -1 7 12 1 11 0
-1 2 12 -1 -1 15 13 6 -1 -1 -1 4 -1 9 -1 -1 -1 -1 10 -1 -1 0 -1 11 5 -1 7 14 8 3 1
-1 6 7 -1 25 24 3 2 23 19 -1 11 -1 4 5 21 9 17 10 20 15 13 0 8 16 -1 12 22 18 14 1
-1 7 4 -1 -1 6 11 9 -1 -1 -1 10 -1 5 -1 -1 -1 -1 3 -1 -1 2 -1 1 12 -1 14 15 8 13 0
-1 12 17 -1 9 20 4 19 23 2 -1 5 -1 18 7 24 8 11 10 15 14 16 21 22 1 -1 13 6 3 25 0
-1 3 14 -1 -1 13 11 15 -1 -1 -1 6 -1 2 -1 -1 -1 -1 8 -1 -1 7 -1 5 10 -1 4 9 1 12 0
-1 4 7 -1 -1 9 15 3 -1 -1 -1 6 -1 10 -1 -1 -1 -1 11 -1 -1 5 -1 8 2 -1 0 12 13 14 1
-1 11 10 -1 -1 15 8 14 -1 -1 -1 6 -1 5 -1 -1 -1 -1 12 -1 -1 7 -1 3 2 -1 13 0 9 4 1
-1 8 5 -1 -1 6 11 4 -1 -1 -1 12 -1 7 -1 -1 -1 -1 10 -1 -1 2 -1 13 14 -1 9 15 1 3 0
-1 16 22 -1 19 5 13 23 10 20 -1 18 -1 17 25 7 9 2 8 21 6 4 15 24 14 -1 3 11 12 1 0
