30
3
O A O O A O O A O AB A A O A A A O A A A O A A A AB B A A O A
O O O O O O O A O O O A O O O AB A B O O O O A O O A O AB O O
A O O
0 1 2 3 4 5 6 8 9 10 12 13 14 18 19 20 21 23 24 26 28 29
0 1 2 3 4 5 6 7 8 9 10 11 12 13 14 16 18 19 20 21 22 23 24 25 26 28 29
0 1 2 3 4 5 6 8 9 10 12 13 14 18 19 20 21 23 24 26 28 29
0 1 2 3 4 5 6 8 9 10 12 13 14 18 19 20 21 23 24 26 28 29
0 1 2 3 4 5 6 7 8 9 10 11 12 13 14 16 18 19 20 21 22 23 24 25 26 28 29
0 1 2 3 4 5 6 8 9 10 12 13 14 18 19 20 21 23 24 26 28 29
0 1 2 3 4 5 6 8 9 10 12 13 14 18 19 20 21 23 24 26 28 29
0 1 2 3 4 5 6 7 8 9 10 11 12 13 14 16 18 19 20 21 22 23 24 25 26 28 29
0 1 2 3 4 5 6 8 9 10 12 13 14 18 19 20 21 23 24 26 28 29
0 1 2 3 4 5 6 7 8 9 10 11 12 13 14 15 16 17 18 19 20 21 22 23 24 25 26 27 28 29
0 1 2 3 4 5 6 7 8 9 10 11 12 13 14 16 18 19 20 21 22 23 24 25 26 28 29
0 1 2 3 4 5 6 7 8 9 10 11 12 13 14 16 18 19 20 21 22 23 24 25 26 28 29
0 1 2 3 4 5 6 8 9 10 12 13 14 18 19 20 21 23 24 26 28 29
0 1 2 3 4 5 6 7 8 9 10 11 12 13 14 16 18 19 20 21 22 23 24 25 26 28 29
0 1 2 3 4 5 6 7 8 9 10 11 12 13 14 16 18 19 20 21 22 23 24 25 26 28 29
0 1 2 3 4 5 6 7 8 9 10 11 12 13 14 16 18 19 20 21 22 23 24 25 26 28 29
0 1 2 3 4 5 6 8 9 10 12 13 14 18 19 20 21 23 24 26 28 29
0 1 2 3 4 5 6 7 8 9 10 11 12 13 14 16 18 19 20 21 22 23 24 25 26 28 29
0 1 2 3 4 5 6 7 8 9 10 11 12 13 14 16 18 19 20 21 22 23 24 25 26 28 29
0 1 2 3 4 5 6 7 8 9 10 11 12 13 14 16 18 19 20 21 22 23 24 25 26 28 29
0 1 2 3 4 5 6 8 9 10 12 13 14 18 19 20 21 23 24 26 28 29
0 1 2 3 4 5 6 7 8 9 10 11 12 13 14 16 18 19 20 21 22 23 24 25 26 28 29
0 1 2 3 4 5 6 7 8 9 10 11 12 13 14 16 18 19 20 21 22 23 24 25 26 28 29
0 1 2 3 4 5 6 7 8 9 10 11 12 13 14 16 18 19 20 21 22 23 24 25 26 28 29
0 1 2 3 4 5 6 7 8 9 10 11 12 13 14 15 16 17 18 19 20 21 22 23 24 25 26 27 28 29
0 1 2 3 4 5 6 8 9 10 12 13 14 17 18 19 20 21 23 24 26 28 29
0 1 2 3 4 5 6 7 8 9 10 11 12 13 14 16 18 19 20 21 22 23 24 25 26 28 29
0 1 2 3 4 5 6 7 8 9 10 11 12 13 14 16 18 19 20 21 22 23 24 25 26 28 29
0 1 2 3 4 5 6 8 9 10 12 13 14 18 19 20 21 23 24 26 28 29
0 1 2 3 4 5 6 7 8 9 10 11 12 13 14 16 18 19 20 21 22 23 24 25 26 28 29
16 8 13 20 15 22 6 -1 14 4 10 -1 9 11 21 -1 -1 -1 7 19 2 1 -1 5 17 -1 18 -1 3 12 0
10 1 22 27 23 15 6 24 2 9 5 14 8 20 25 -1 13 -1 12 11 7 4 3 21 17 16 19 -1 26 18 0
3 2 8 9 6 15 16 -1 20 17 7 -1 22 19 4 -1 -1 -1 13 18 10 1 -1 14 12 -1 11 -1 5 21 0
5 19 4 2 7 18 14 -1 9 12 1 -1 6 11 10 -1 -1 -1 13 3 21 16 -1 22 15 -1 8 -1 20 17 0
24 22 11 2 6 23 27 17 18 26 20 4 9 21 5 -1 13 -1 25 3 14 15 19 8 12 10 16 -1 1 7 0
14 10 13 15 8 21 18 -1 5 3 20 -1 9 16 11 -1 -1 -1 19 1 4 12 -1 6 7 -1 2 -1 17 22 0
13 10 18 11 5 20 8 -1 6 9 16 -1 14 21 4 -1 -1 -1 2 1 15 19 -1 7 17 -1 3 -1 22 12 0
4 20 8 16 19 9 3 2 21 25 10 22 7 6 26 -1 13 -1 15 11 27 14 1 24 17 12 23 -1 5 18 0
9 2 6 1 12 18 11 -1 15 22 20 -1 5 21 14 -1 -1 -1 16 13 4 8 -1 3 7 -1 17 -1 19 10 0
29 10 17 24 26 21 22 23 8 30 12 16 6 19 7 27 15 4 2 14 11 13 5 20 1 18 9 25 28 3 0
22 13 14 12 18 23 17 25 2 3 7 11 15 20 10 -1 9 -1 27 26 16 6 21 1 4 19 5 -1 8 24 0
27 2 3 16 25 22 15 11 1 20 23 10 5 19 9 -1 18 -1 24 12 7 14 13 21 6 26 4 -1 8 17 0
10 20 3 8 6 11 13 -1 9 4 16 -1 12 1 5 -1 -1 -1 22 18 2 19 -1 21 7 -1 17 -1 14 15 0
24 1 15 6 8 27 18 7 10 13 3 17 16 23 12 -1 11 -1 20 25 2 9 22 21 19 14 4 -1 26 5 0
6 10 8 22 2 12 14 15 26 11 21 17 4 18 20 -1 16 -1 23 27 3 9 1 24 13 5 19 -1 7 25 0
10 2 25 24 7 16 8 11 15 9 3 4 6 26 21 0 20 -1 22 28 18 23 12 14 13 27 5 -1 17 19 1
8 20 4 3 5 11 16 -1 21 13 22 -1 7 6 15 -1 0 -1 14 23 19 10 -1 17 9 -1 2 -1 12 18 1
21 5 27 2 14 7 11 12 23 4 6 24 8 9 3 -1 16 1 18 17 15 25 22 19 26 13 28 -1 20 10 0
7 10 18 11 24 16 13 27 6 12 5 21 14 4 26 -1 20 -1 3 9 2 25 15 23 22 1 17 -1 19 8 0
6 25 10 19 22 11 8 26 15 9 18 14 23 20 17 -1 1 -1 2 13 3 5 21 16 12 4 7 -1 24 27 0
4 19 5 17 14 21 16 -1 11 18 22 -1 3 7 12 -1 -1 -1 6 9 8 15 -1 1 2 -1 13 -1 10 20 0
12 26 1 3 20 19 15 23 5 11 13 10 16 17 7 -1 24 -1 4 25 21 8 2 14 9 22 18 -1 27 6 0
9 22 5 12 1 20 21 15 25 3 27 10 4 19 13 -1 16 -1 26 17 23 8 6 11 7 14 2 -1 24 18 0
2 5 15 17 11 19 21 16 24 8 18 20 23 22 25 -1 4 -1 13 7 26 10 9 1 3 6 14 -1 12 27 0
25 12 18 11 15 17 16 8 24 10 29 6 7 30 22 14 9 26 1 5 21 13 3 20 23 4 27 19 28 2 0
9 10 8 15 14 17 6 -1 3 19 20 -1 4 7 16 -1 -1 13 5 22 18 12 -1 21 24 0 23 -1 2 11 1
5 27 19 16 25 6 7 10 1 20 26 18 23 2 24 -1 14 -1 13 3 4 8 9 21 22 15 17 -1 12 11 0
13 25 2 20 17 7 3 14 26 24 9 22 23 16 18 -1 10 -1 8 12 5 19 21 27 6 15 28 1 11 4 0
16 7 13 8 1 14 2 -1 19 6 15 -1 22 18 12 -1 -1 -1 4 5 3 10 -1 17 9 -1 11 -1 21 20 0
18 10 17 14 13 5 8 27 2 22 23 24 21 12 16 -1 1 -1 4 20 26 15 11 6 7 25 9 -1 19 3 0
