30
3
A B B A O A B A A O A O A A A O O O A A O A A O A O O A A A
A O O O A A O B A A A O O A O A B B O O O O B B O O O A O B
O O A
0 1 2 3 4 5 6 8 9 10 11 12 13 14 15 18 19 20 21 24 25 26 27 28
1 2 3 6 7 11 12 14 16 17 18 19 20 21 22 23 24 25 26 28 29
1 2 3 6 7 11 12 14 16 17 18 19 20 21 22 23 24 25 26 28 29
0 1 2 3 4 5 6 8 9 10 11 12 13 14 15 18 19 20 21 24 25 26 27 28
1 2 3 6 11 12 14 18 19 20 21 24 25 26 28
0 1 2 3 4 5 6 8 9 10 11 12 13 14 15 18 19 20 21 24 25 26 27 28
1 2 3 6 7 11 12 14 16 17 18 19 20 21 22 23 24 25 26 28 29
0 1 2 3 4 5 6 8 9 10 11 12 13 14 15 18 19 20 21 24 25 26 27 28
0 1 2 3 4 5 6 8 9 10 11 12 13 14 15 18 19 20 21 24 25 26 27 28
1 2 3 6 11 12 14 18 19 20 21 24 25 26 28
0 1 2 3 4 5 6 8 9 10 11 12 13 14 15 18 19 20 21 24 25 26 27 28
1 2 3 6 11 12 14 18 19 20 21 24 25 26 28
0 1 2 3 4 5 6 8 9 10 11 12 13 14 15 18 19 20 21 24 25 26 27 28
0 1 2 3 4 5 6 8 9 10 11 12 13 14 15 18 19 20 21 24 25 26 27 28
0 1 2 3 4 5 6 8 9 10 11 12 13 14 15 18 19 20 21 24 25 26 27 28
1 2 3 6 11 12 14 18 19 20 21 24 25 26 28
1 2 3 6 11 12 14 18 19 20 21 24 25 26 28
1 2 3 6 11 12 14 18 19 20 21 24 25 26 28
0 1 2 3 4 5 6 8 9 10 11 12 13 14 15 18 19 20 21 24 25 26 27 28
0 1 2 3 4 5 6 8 9 10 11 12 13 14 15 18 19 20 21 24 25 26 27 28
1 2 3 6 11 12 14 18 19 20 21 24 25 26 28
0 1 2 3 4 5 6 8 9 10 11 12 13 14 15 18 19 20 21 24 25 26 27 28
0 1 2 3 4 5 6 8 9 10 11 12 13 14 15 18 19 20 21 24 25 26 27 28
1 2 3 6 11 12 14 18 19 20 21 24 25 26 28
0 1 2 3 4 5 6 8 9 10 11 12 13 14 15 18 19 20 21 24 25 26 27 28
1 2 3 6 11 12 14 18 19 20 21 24 25 26 28
1 2 3 6 11 12 14 18 19 20 21 24 25 26 28
0 1 2 3 4 5 6 8 9 10 11 12 13 14 15 18 19 20 21 24 25 26 27 28
0 1 2 3 4 5 6 8 9 10 11 12 13 14 15 18 19 20 21 24 25 26 27 28
0 1 2 3 4 5 6 8 9 10 11 12 13 14 15 18 19 20 21 24 25 26 27 28
13 5 15 12 21 19 20 -1 9 18 2 8 16 22 17 14 -1 -1 10 11 3 7 -1 -1 1 4 23 6 24 -1 0
-1 17 11 3 -1 -1 6 1 -1 -1 -1 9 8 -1 13 -1 14 20 5 12 7 16 10 18 2 21 15 -1 4 19 0
-1 10 2 21 -1 -1 1 14 -1 -1 -1 20 3 -1 12 -1 19 6 16 15 18 7 8 13 17 5 11 -1 9 4 0
2 9 1 3 20 13 4 -1 14 11 12 21 22 5 24 10 -1 -1 6 7 8 23 -1 -1 18 19 15 16 17 -1 0
-1 2 4 16 1 -1 15 -1 -1 -1 -1 13 5 -1 9 -1 -1 -1 6 11 14 8 -1 -1 7 12 3 -1 10 -1 0
6 10 8 1 14 19 20 -1 13 16 24 12 17 2 23 3 -1 -1 4 18 11 21 -1 -1 5 15 7 22 9 -1 0
-1 2 3 18 -1 -1 15 14 -1 -1 -1 7 19 -1 9 -1 12 5 11 4 10 20 6 17 16 21 8 -1 1 13 0
13 10 7 24 15 19 4 1 9 18 14 5 3 8 21 25 -1 -1 6 23 2 22 -1 -1 20 16 12 17 11 -1 0
22 16 13 11 1 8 5 -1 4 23 2 3 9 7 21 15 -1 -1 6 10 18 20 -1 -1 24 19 17 14 12 -1 0
-1 8 3 11 -1 -1 6 -1 -1 1 -1 14 13 -1 12 -1 -1 -1 7 9 4 10 -1 -1 15 5 16 -1 2 -1 0
20 24 5 23 18 22 2 -1 8 10 13 1 21 7 4 15 -1 -1 12 11 16 19 -1 -1 3 6 14 9 17 -1 0
-1 6 2 12 -1 -1 5 -1 -1 -1 -1 8 9 -1 7 -1 -1 -1 13 11 3 15 -1 -1 10 4 1 -1 14 -1 0
12 24 6 21 15 9 8 -1 7 10 18 22 16 13 5 3 -1 -1 20 4 2 11 -1 -1 23 19 1 17 14 -1 0
14 21 12 7 13 5 10 -1 4 18 22 2 19 23 24 1 -1 -1 3 8 9 16 -1 -1 20 17 15 11 6 -1 0
24 7 9 16 23 2 8 -1 20 22 19 18 6 13 21 17 -1 -1 1 15 12 11 -1 -1 3 14 5 10 4 -1 0
-1 9 7 5 -1 -1 16 -1 -1 -1 -1 13 4 -1 8 0 -1 -1 2 10 12 11 -1 -1 6 15 3 -1 14 -1 1
-1 3 15 6 -1 -1 5 -1 -1 -1 -1 2 11 -1 4 -1 0 -1 14 9 8 12 -1 -1 13 10 16 -1 7 -1 1
-1 11 7 15 -1 -1 5 -1 -1 -1 -1 4 13 -1 2 -1 -1 0 14 12 3 8 -1 -1 16 6 9 -1 10 -1 1
14 4 22 19 10 7 9 -1 8 13 2 12 20 11 23 15 -1 -1 17 24 18 6 -1 -1 1 3 21 16 5 -1 0
10 15 9 5 7 14 21 -1 2 17 1 16 18 13 8 19 -1 -1 22 3 11 4 -1 -1 12 23 6 20 24 -1 0
-1 4 11 2 -1 -1 15 -1 -1 -1 -1 8 1 -1 9 -1 -1 -1 3 12 13 14 -1 -1 5 6 7 -1 10 -1 0
7 11 6 23 8 12 3 -1 17 18 21 9 1 24 13 15 -1 -1 2 10 20 22 -1 -1 4 5 16 14 19 -1 0
9 24 20 10 22 2 25 -1 13 7 5 21 12 23 18 14 -1 -1 15 4 11 3 1 -1 16 19 8 6 17 -1 0
-1 3 14 13 -1 -1 8 -1 -1 -1 -1 2 12 -1 4 -1 -1 -1 11 6 15 10 -1 0 5 7 16 -1 9 -1 1
22 11 7 8 2 9 17 -1 16 4 18 19 13 12 5 3 -1 -1 21 6 1 23 -1 -1 15 10 20 24 14 -1 0
-1 14 5 6 -1 -1 11 -1 -1 -1 -1 1 8 -1 2 -1 -1 -1 12 15 3 10 -1 -1 9 7 13 -1 4 -1 0
-1 9 14 13 -1 -1 1 -1 -1 -1 -1 11 4 -1 15 -1 -1 -1 7 12 10 2 -1 -1 6 3 8 -1 5 -1 0
13 9 8 14 21 4 3 -1 11 23 22 24 15 2 5 20 -1 -1 19 18 17 6 -1 -1 7 12 16 10 1 -1 0
6 11 10 5 13 15 18 -1 23 1 24 20 8 14 9 2 -1 -1 17 19 4 16 -1 -1 3 21 7 22 12 -1 0
6 13 4 5 20 25 24 -1 2 7 16 15 17 12 22 3 -1 -1 11 10 18 14 -1 -1 19 21 9 8 23 0 1
