30
3
A O O O A A O O AB O A A O B O A O O A A A AB O O AB AB A O A O
O O A O A A O A A O A B B B A B O O O O O AB A A O O O B O B
O O A
0 1 2 3 4 5 6 7 8 9 10 14 16 17 18 19 20 22 23 24 25 26 28
0 1 3 6 9 16 17 18 19 20 24 25 26 28
0 1 3 6 9 16 17 18 19 20 24 25 26 28
0 1 3 6 9 16 17 18 19 20 24 25 26 28
0 1 2 3 4 5 6 7 8 9 10 14 16 17 18 19 20 22 23 24 25 26 28
0 1 2 3 4 5 6 7 8 9 10 14 16 17 18 19 20 22 23 24 25 26 28
0 1 3 6 9 16 17 18 19 20 24 25 26 28
0 1 3 6 9 16 17 18 19 20 24 25 26 28
0 1 2 3 4 5 6 7 8 9 10 11 12 13 14 15 16 17 18 19 20 21 22 23 24 25 26 27 28 29
0 1 3 6 9 16 17 18 19 20 24 25 26 28
0 1 2 3 4 5 6 7 8 9 10 14 16 17 18 19 20 22 23 24 25 26 28
0 1 2 3 4 5 6 7 8 9 10 14 16 17 18 19 20 22 23 24 25 26 28
0 1 3 6 9 16 17 18 19 20 24 25 26 28
0 1 3 6 9 11 12 13 15 16 17 18 19 20 24 25 26 27 28 29
0 1 3 6 9 16 17 18 19 20 24 25 26 28
0 1 2 3 4 5 6 7 8 9 10 14 16 17 18 19 20 22 23 24 25 26 28
0 1 3 6 9 16 17 18 19 20 24 25 26 28
0 1 3 6 9 16 17 18 19 20 24 25 26 28
0 1 2 3 4 5 6 7 8 9 10 14 16 17 18 19 20 22 23 24 25 26 28
0 1 2 3 4 5 6 7 8 9 10 14 16 17 18 19 20 22 23 24 25 26 28
0 1 2 3 4 5 6 7 8 9 10 14 16 17 18 19 20 22 23 24 25 26 28
0 1 2 3 4 5 6 7 8 9 10 11 12 13 14 15 16 17 18 19 20 21 22 23 24 25 26 27 28 29
0 1 3 6 9 16 17 18 19 20 24 25 26 28
0 1 3 6 9 16 17 18 19 20 24 25 26 28
0 1 2 3 4 5 6 7 8 9 10 11 12 13 14 15 16 17 18 19 20 21 22 23 24 25 26 27 28 29
0 1 2 3 4 5 6 7 8 9 10 11 12 13 14 15 16 17 18 19 20 21 22 23 24 25 26 27 28 29
0 1 2 3 4 5 6 7 8 9 10 14 16 17 18 19 20 22 23 24 25 26 28
0 1 3 6 9 16 17 18 19 20 24 25 26 28
0 1 2 3 4 5 6 7 8 9 10 14 16 17 18 19 20 22 23 24 25 26 28
0 1 3 6 9 16 17 18 19 20 24 25 26 28
0 10 6 8 14 11 23 7 20 17 19 -1 -1 -1 3 -1 15 9 5 13 18 -1 4 16 12 21 22 -1 2 -1 1
10 1 -1 11 -1 -1 7 -1 -1 5 -1 -1 -1 -1 -1 -1 12 4 13 9 14 -1 -1 -1 6 8 3 -1 2 -1 0
9 1 -1 14 -1 -1 13 -1 -1 4 -1 -1 -1 -1 -1 -1 6 12 8 11 7 -1 -1 -1 2 5 3 -1 10 -1 0
4 2 -1 0 -1 -1 9 -1 -1 12 -1 -1 -1 -1 -1 -1 8 5 14 10 11 -1 -1 -1 6 13 7 -1 3 -1 1
8 4 17 6 1 15 19 18 5 23 10 -1 -1 -1 3 -1 2 16 9 12 11 -1 20 21 14 22 13 -1 7 -1 0
7 9 11 12 10 1 14 13 18 5 19 -1 -1 -1 15 -1 16 6 20 8 21 -1 22 17 23 3 2 -1 4 -1 0
3 7 -1 14 -1 -1 0 -1 -1 8 -1 -1 -1 -1 -1 -1 5 10 12 6 11 -1 -1 -1 2 4 13 -1 9 -1 1
14 6 -1 4 -1 -1 2 -1 -1 13 -1 -1 -1 -1 -1 -1 3 1 7 5 12 -1 -1 -1 9 8 11 -1 10 -1 0
6 17 28 21 25 30 20 27 0 9 22 4 10 8 11 7 13 19 26 14 2 16 12 29 24 23 18 15 5 3 1
3 6 -1 14 -1 -1 5 -1 -1 1 -1 -1 -1 -1 -1 -1 10 8 9 11 2 -1 -1 -1 13 4 7 -1 12 -1 0
6 11 15 7 19 13 22 3 10 5 1 -1 -1 -1 12 -1 18 9 2 14 23 -1 4 21 8 20 16 -1 17 -1 0
8 10 16 17 13 7 21 9 4 19 23 -1 -1 -1 2 -1 14 3 15 6 12 -1 20 18 22 5 1 -1 11 -1 0
7 5 -1 12 -1 -1 1 -1 -1 4 -1 -1 -1 -1 -1 -1 6 10 9 11 3 -1 -1 -1 8 13 2 -1 14 -1 0
7 15 -1 5 -1 -1 2 -1 -1 10 -1 8 14 1 -1 13 11 16 20 18 3 -1 -1 -1 12 4 9 6 17 19 0
12 1 -1 6 -1 -1 4 -1 -1 9 -1 -1 -1 -1 -1 -1 7 8 10 11 2 -1 -1 -1 13 5 3 -1 14 -1 0
18 17 10 19 4 2 23 5 16 1 21 -1 -1 -1 14 -1 15 6 13 8 12 -1 9 20 22 11 3 -1 7 -1 0
14 4 -1 13 -1 -1 5 -1 -1 9 -1 -1 -1 -1 -1 -1 0 8 2 3 6 -1 -1 -1 12 10 7 -1 11 -1 1
2 10 -1 4 -1 -1 11 -1 -1 12 -1 -1 -1 -1 -1 -1 9 0 5 14 7 -1 -1 -1 3 8 6 -1 13 -1 1
14 7 11 20 17 6 16 18 2 21 5 -1 -1 -1 4 -1 10 8 1 22 9 -1 3 12 15 19 23 -1 13 -1 0
6 5 21 12 17 10 22 13 9 7 2 -1 -1 -1 4 -1 18 23 3 0 20 -1 8 14 16 15 11 -1 19 -1 1
18 5 9 14 16 10 3 7 11 23 22 -1 -1 -1 21 -1 19 6 20 15 1 -1 2 13 17 8 4 -1 12 -1 0
6 8 29 17 25 27 2 28 16 12 20 11 5 18 19 22 30 10 14 13 24 0 9 15 3 23 4 7 21 26 1
3 2 -1 5 -1 -1 13 -1 -1 7 -1 -1 -1 -1 -1 -1 14 6 12 8 10 -1 -1 -1 4 11 9 -1 1 -1 0
14 2 -1 6 -1 -1 5 -1 -1 9 -1 -1 -1 -1 -1 -1 13 3 8 12 10 -1 -1 -1 1 7 4 -1 11 -1 0
27 11 17 3 10 4 15 13 18 19 28 6 22 12 24 7 8 25 20 30 9 16 2 5 1 23 14 29 26 21 0
17 20 27 24 16 22 13 14 5 12 9 4 30 11 28 29 6 26 18 8 25 21 15 2 19 0 10 23 7 3 1
16 8 4 21 20 2 11 22 17 12 7 -1 -1 -1 19 -1 10 15 13 5 6 -1 23 18 14 3 0 -1 9 -1 1
5 7 -1 13 -1 -1 3 -1 -1 8 -1 -1 -1 -1 -1 -1 2 11 4 6 12 -1 -1 -1 1 14 10 -1 9 -1 0
17 8 11 6 23 19 20 3 10 18 22 -1 -1 -1 21 -1 2 5 7 15 4 -1 13 12 9 14 16 -1 1 -1 0
11 10 -1 14 -1 -1 12 -1 -1 1 -1 -1 -1 -1 -1 -1 3 5 9 2 8 -1 -1 -1 7 4 6 -1 13 -1 0
