30
3
A O A O A B O O B B A A A O A A A O A O A A AB A O O O O AB A
O O O O A A A A O O B A O B A O A A A A O A A O O O A B A O
O A A
0 1 2 3 4 5 6 7 8 9 11 12 14 15 16 17 18 19 20 21 22 23 24 25 26 28 29
0 1 2 3 8 9 12 15 20 23 24 25 29
0 1 2 3 4 5 6 7 8 9 11 12 14 15 16 17 18 19 20 21 22 23 24 25 26 28 29
0 1 2 3 8 9 12 15 20 23 24 25 29
0 1 2 3 4 5 6 7 8 9 11 12 14 15 16 17 18 19 20 21 22 23 24 25 26 28 29
0 1 2 3 8 9 10 12 13 15 20 23 24 25 27 29
0 1 2 3 8 9 12 15 20 23 24 25 29
0 1 2 3 8 9 12 15 20 23 24 25 29
0 1 2 3 8 9 10 12 13 15 20 23 24 25 27 29
0 1 2 3 8 9 10 12 13 15 20 23 24 25 27 29
0 1 2 3 4 5 6 7 8 9 11 12 14 15 16 17 18 19 20 21 22 23 24 25 26 28 29
0 1 2 3 4 5 6 7 8 9 11 12 14 15 16 17 18 19 20 21 22 23 24 25 26 28 29
0 1 2 3 4 5 6 7 8 9 11 12 14 15 16 17 18 19 20 21 22 23 24 25 26 28 29
0 1 2 3 8 9 12 15 20 23 24 25 29
0 1 2 3 4 5 6 7 8 9 11 12 14 15 16 17 18 19 20 21 22 23 24 25 26 28 29
0 1 2 3 4 5 6 7 8 9 11 12 14 15 16 17 18 19 20 21 22 23 24 25 26 28 29
0 1 2 3 4 5 6 7 8 9 11 12 14 15 16 17 18 19 20 21 22 23 24 25 26 28 29
0 1 2 3 8 9 12 15 20 23 24 25 29
0 1 2 3 4 5 6 7 8 9 11 12 14 15 16 17 18 19 20 21 22 23 24 25 26 28 29
0 1 2 3 8 9 12 15 20 23 24 25 29
0 1 2 3 4 5 6 7 8 9 11 12 14 15 16 17 18 19 20 21 22 23 24 25 26 28 29
0 1 2 3 4 5 6 7 8 9 11 12 14 15 16 17 18 19 20 21 22 23 24 25 26 28 29
0 1 2 3 4 5 6 7 8 9 10 11 12 13 14 15 16 17 18 19 20 21 22 23 24 25 26 27 28 29
0 1 2 3 4 5 6 7 8 9 11 12 14 15 16 17 18 19 20 21 22 23 24 25 26 28 29
0 1 2 3 8 9 12 15 20 23 24 25 29
0 1 2 3 8 9 12 15 20 23 24 25 29
0 1 2 3 8 9 12 15 20 23 24 25 29
0 1 2 3 8 9 12 15 20 23 24 25 29
0 1 2 3 4 5 6 7 8 9 10 11 12 13 14 15 16 17 18 19 20 21 22 23 24 25 26 27 28 29
0 1 2 3 4 5 6 7 8 9 11 12 14 15 16 17 18 19 20 21 22 23 24 25 26 28 29
-1 1 13 4 14 15 9 23 11 18 -1 24 8 -1 20 7 6 3 17 22 27 21 10 12 2 19 5 -1 16 26 0
13 -1 5 10 -1 -1 -1 -1 2 12 -1 -1 1 -1 -1 7 -1 -1 -1 -1 9 -1 -1 6 8 4 -1 -1 -1 3 0
13 25 -1 11 7 5 10 15 8 22 -1 24 12 -1 17 14 9 2 20 21 4 19 23 26 16 3 6 -1 18 1 0
1 13 8 -1 -1 -1 -1 -1 6 9 -1 -1 12 -1 -1 10 -1 -1 -1 -1 3 -1 -1 7 2 5 -1 -1 -1 4 0
14 22 11 15 -1 17 18 20 24 13 -1 9 19 -1 8 1 21 2 6 10 12 3 23 26 7 16 27 -1 25 4 0
9 10 8 11 -1 0 -1 -1 5 6 14 -1 3 16 -1 13 -1 -1 -1 -1 7 -1 -1 12 15 2 -1 17 -1 4 1
14 11 9 12 -1 -1 1 -1 8 5 -1 -1 3 -1 -1 6 -1 -1 -1 -1 13 -1 -1 7 4 2 -1 -1 -1 10 0
14 3 10 2 -1 -1 -1 1 5 13 -1 -1 6 -1 -1 11 -1 -1 -1 -1 4 -1 -1 12 7 9 -1 -1 -1 8 0
1 14 15 12 -1 -1 -1 -1 -1 4 2 -1 3 7 -1 8 -1 -1 -1 -1 11 -1 -1 10 13 16 -1 6 -1 9 0
7 10 8 2 -1 -1 -1 -1 11 -1 5 -1 16 3 -1 13 -1 -1 -1 -1 12 -1 -1 1 14 9 -1 6 -1 15 0
10 21 2 5 22 25 7 4 23 15 0 13 20 -1 19 14 11 24 17 6 28 18 9 16 12 8 3 -1 27 26 1
19 13 26 3 9 18 10 11 17 25 -1 -1 21 -1 7 5 24 6 14 8 1 4 16 15 23 22 2 -1 27 12 0
2 7 20 15 1 4 18 22 19 3 -1 6 -1 -1 13 14 5 17 26 12 27 8 9 24 10 25 21 -1 23 16 0
14 13 9 7 -1 -1 -1 -1 6 2 -1 -1 12 0 -1 3 -1 -1 -1 -1 11 -1 -1 5 4 8 -1 -1 -1 10 1
5 18 16 25 1 27 26 20 19 2 -1 13 22 -1 -1 21 15 4 9 24 11 7 23 10 8 12 3 -1 17 6 0
24 22 13 14 7 15 8 21 26 5 -1 23 10 -1 11 -1 20 9 17 2 1 3 6 16 25 19 18 -1 12 4 0
19 14 9 2 26 1 17 5 11 8 -1 4 24 -1 18 7 -1 15 13 25 3 16 23 22 6 12 21 -1 10 20 0
6 2 3 8 -1 -1 -1 -1 10 9 -1 -1 7 -1 -1 5 -1 1 -1 -1 13 -1 -1 14 12 11 -1 -1 -1 4 0
26 7 1 23 20 14 2 3 5 24 -1 9 25 -1 4 17 22 11 -1 8 18 19 10 27 15 21 12 -1 13 16 0
8 3 12 7 -1 -1 -1 -1 4 9 -1 -1 11 -1 -1 13 -1 -1 -1 0 2 -1 -1 5 14 10 -1 -1 -1 6 1
8 2 19 24 26 4 23 10 18 16 -1 7 6 -1 20 1 27 12 15 13 -1 25 9 5 14 21 22 -1 3 17 0
16 21 25 8 24 15 9 23 4 1 -1 14 22 -1 3 20 27 26 5 18 11 -1 13 17 7 2 19 -1 6 10 0
17 20 16 23 4 28 27 8 3 21 26 14 7 19 1 13 22 5 10 30 6 18 -1 2 29 9 15 12 11 24 0
17 13 1 3 24 19 5 2 20 15 -1 26 8 -1 27 4 6 11 22 12 25 21 18 -1 9 16 7 -1 10 14 0
9 12 7 1 -1 -1 -1 -1 10 2 -1 -1 4 -1 -1 6 -1 -1 -1 -1 5 -1 -1 8 -1 11 -1 -1 -1 3 0
7 9 8 4 -1 -1 -1 -1 13 3 -1 -1 5 -1 -1 2 -1 -1 -1 -1 1 -1 -1 10 12 -1 -1 -1 -1 11 0
10 2 12 3 -1 -1 -1 -1 11 6 -1 -1 9 -1 -1 5 -1 -1 -1 -1 13 -1 -1 8 14 4 0 -1 -1 7 1
3 5 2 10 -1 -1 -1 -1 8 12 -1 -1 7 -1 -1 4 -1 -1 -1 -1 6 -1 -1 14 13 11 -1 0 -1 9 1
18 21 23 14 7 15 5 1 8 12 25 19 4 10 16 27 2 20 24 13 26 9 11 17 3 6 30 28 -1 22 0
17 21 11 4 1 15 23 5 27 10 -1 20 18 -1 25 14 13 8 22 26 12 6 2 16 24 3 7 -1 9 -1 0
