30
3
O O O A A O O A O O A A A O B O O A O A A B A O O A A A B A
A O A A A B B O A AB A B A AB B A O O A O O B O A O O O O A O
O A O
1 7 16 17 19 20 22 24 25 26 27 29
1 7 16 17 19 20 22 24 25 26 27 29
1 7 16 17 19 20 22 24 25 26 27 29
0 1 2 3 4 7 8 10 12 15 16 17 18 19 20 22 23 24 25 26 27 28 29
0 1 2 3 4 7 8 10 12 15 16 17 18 19 20 22 23 24 25 26 27 28 29
1 7 16 17 19 20 22 24 25 26 27 29
1 7 16 17 19 20 22 24 25 26 27 29
0 1 2 3 4 7 8 10 12 15 16 17 18 19 20 22 23 24 25 26 27 28 29
1 7 16 17 19 20 22 24 25 26 27 29
1 7 16 17 19 20 22 24 25 26 27 29
0 1 2 3 4 7 8 10 12 15 16 17 18 19 20 22 23 24 25 26 27 28 29
0 1 2 3 4 7 8 10 12 15 16 17 18 19 20 22 23 24 25 26 27 28 29
0 1 2 3 4 7 8 10 12 15 16 17 18 19 20 22 23 24 25 26 27 28 29
1 7 16 17 19 20 22 24 25 26 27 29
1 5 6 7 11 14 16 17 19 20 21 22 24 25 26 27 29
1 7 16 17 19 20 22 24 25 26 27 29
1 7 16 17 19 20 22 24 25 26 27 29
0 1 2 3 4 7 8 10 12 15 16 17 18 19 20 22 23 24 25 26 27 28 29
1 7 16 17 19 20 22 24 25 26 27 29
0 1 2 3 4 7 8 10 12 15 16 17 18 19 20 22 23 24 25 26 27 28 29
0 1 2 3 4 7 8 10 12 15 16 17 18 19 20 22 23 24 25 26 27 28 29
1 5 6 7 11 14 16 17 19 20 21 22 24 25 26 27 29
0 1 2 3 4 7 8 10 12 15 16 17 18 19 20 22 23 24 25 26 27 28 29
1 7 16 17 19 20 22 24 25 26 27 29
1 7 16 17 19 20 22 24 25 26 27 29
0 1 2 3 4 7 8 10 12 15 16 17 18 19 20 22 23 24 25 26 27 28 29
0 1 2 3 4 7 8 10 12 15 16 17 18 19 20 22 23 24 25 26 27 28 29
0 1 2 3 4 7 8 10 12 15 16 17 18 19 20 22 23 24 25 26 27 28 29
1 5 6 7 11 14 16 17 19 20 21 22 24 25 26 27 29
0 1 2 3 4 7 8 10 12 15 16 17 18 19 20 22 23 24 25 26 27 28 29
-1 5 -1 -1 -1 -1 -1 6 -1 -1 -1 -1 -1 -1 -1 -1 1 9 -1 4 3 -1 2 -1 7 12 10 8 -1 11 0
-1 0 -1 -1 -1 -1 -1 12 -1 -1 -1 -1 -1 -1 -1 -1 3 7 -1 5 10 -1 11 -1 4 8 2 6 -1 9 1
-1 2 -1 -1 -1 -1 -1 8 -1 -1 -1 -1 -1 -1 -1 -1 7 5 -1 1 4 -1 11 -1 9 12 10 6 -1 3 0
3 9 16 0 5 -1 -1 7 8 -1 14 -1 23 -1 -1 12 10 15 21 6 2 -1 11 17 13 4 20 18 22 19 1
14 5 11 7 1 -1 -1 4 2 -1 9 -1 22 -1 -1 20 6 23 10 12 18 -1 21 15 3 13 8 17 16 19 0
-1 8 -1 -1 -1 -1 -1 3 -1 -1 -1 -1 -1 -1 -1 -1 10 7 -1 12 11 -1 5 -1 4 9 6 2 -1 1 0
-1 10 -1 -1 -1 -1 -1 8 -1 -1 -1 -1 -1 -1 -1 -1 9 5 -1 7 11 -1 1 -1 3 12 6 4 -1 2 0
22 2 6 21 13 -1 -1 1 16 -1 12 -1 8 -1 -1 20 10 15 19 23 4 -1 14 3 5 11 17 18 7 9 0
-1 1 -1 -1 -1 -1 -1 6 -1 -1 -1 -1 -1 -1 -1 -1 12 7 -1 9 4 -1 8 -1 3 11 10 2 -1 5 0
-1 11 -1 -1 -1 -1 -1 4 -1 -1 -1 -1 -1 -1 -1 -1 1 10 -1 8 5 -1 6 -1 3 9 12 7 -1 2 0
16 3 8 4 10 -1 -1 7 20 -1 0 -1 9 -1 -1 17 6 15 14 22 11 -1 21 19 5 23 12 13 2 18 1
15 19 16 5 3 -1 -1 21 9 -1 7 -1 2 -1 -1 22 1 17 4 13 14 -1 18 20 23 10 12 6 11 8 0
6 16 4 8 5 -1 -1 17 7 -1 20 -1 0 -1 -1 19 15 12 3 2 10 -1 9 21 23 13 18 11 14 22 1
-1 10 -1 -1 -1 -1 -1 1 -1 -1 -1 -1 -1 -1 -1 -1 9 6 -1 4 11 -1 3 -1 12 7 8 2 -1 5 0
-1 3 -1 -1 -1 11 9 8 -1 -1 -1 12 -1 -1 1 -1 10 4 -1 15 14 7 2 -1 16 6 13 17 -1 5 0
-1 10 -1 -1 -1 -1 -1 2 -1 -1 -1 -1 -1 -1 -1 -1 8 6 -1 7 5 -1 12 -1 4 9 1 11 -1 3 0
-1 5 -1 -1 -1 -1 -1 3 -1 -1 -1 -1 -1 -1 -1 -1 0 7 -1 10 11 -1 2 -1 6 4 8 12 -1 9 1
8 20 14 23 15 -1 -1 22 2 -1 21 -1 10 -1 -1 6 5 0 13 3 18 -1 11 12 19 4 7 9 16 17 1
-1 11 -1 -1 -1 -1 -1 1 -1 -1 -1 -1 -1 -1 -1 -1 7 6 -1 12 5 -1 9 -1 2 10 3 4 -1 8 0
14 20 9 13 15 -1 -1 12 11 -1 22 -1 8 -1 -1 6 18 17 23 1 16 -1 3 4 7 5 21 10 19 2 0
19 3 16 17 9 -1 -1 8 20 -1 7 -1 2 -1 -1 15 12 13 21 6 1 -1 4 23 14 10 5 11 18 22 0
-1 17 -1 -1 -1 2 9 3 -1 -1 -1 11 -1 -1 10 -1 15 16 -1 13 4 0 14 -1 8 12 6 7 -1 5 1
19 8 23 22 9 -1 -1 4 2 -1 15 -1 7 -1 -1 6 20 14 5 12 18 -1 0 10 21 17 3 11 16 13 1
-1 6 -1 -1 -1 -1 -1 4 -1 -1 -1 -1 -1 -1 -1 -1 12 11 -1 3 2 -1 5 -1 9 8 7 1 -1 10 0
-1 7 -1 -1 -1 -1 -1 4 -1 -1 -1 -1 -1 -1 -1 -1 10 6 -1 11 8 -1 5 -1 1 12 2 9 -1 3 0
8 5 9 11 20 -1 -1 18 2 -1 7 -1 23 -1 -1 21 6 10 17 16 3 -1 22 12 19 1 4 15 13 14 0
3 9 4 20 13 -1 -1 2 14 -1 11 -1 21 -1 -1 22 7 12 16 15 18 -1 19 17 23 6 1 8 5 10 0
5 9 11 6 10 -1 -1 18 23 -1 20 -1 12 -1 -1 19 4 2 3 21 22 -1 17 7 14 15 8 1 16 13 0
-1 11 -1 -1 -1 4 7 17 -1 -1 -1 10 -1 -1 5 -1 14 13 -1 3 2 9 12 -1 8 15 1 16 -1 6 0
16 18 9 15 3 -1 -1 20 4 -1 2 -1 12 -1 -1 11 22 13 23 19 7 -1 6 21 17 5 14 8 10 1 0
