30
3
O A AB O B O O O O A A A B O B O B A O O O A A O O B A O A B
A O O O A O O B AB A A O O O O O B B A A B A O O O O A O O O
A O B
1 2 3 5 6 11 12 13 14 15 22 23 24 25 27 28 29
0 1 2 3 4 5 6 9 10 11 12 13 14 15 18 19 21 22 23 24 25 26 27 28 29
0 1 2 3 4 5 6 7 8 9 10 11 12 13 14 15 16 17 18 19 20 21 22 23 24 25 26 27 28 29
1 2 3 5 6 11 12 13 14 15 22 23 24 25 27 28 29
1 2 3 5 6 7 11 12 13 14 15 16 17 20 22 23 24 25 27 28 29
1 2 3 5 6 11 12 13 14 15 22 23 24 25 27 28 29
1 2 3 5 6 11 12 13 14 15 22 23 24 25 27 28 29
1 2 3 5 6 11 12 13 14 15 22 23 24 25 27 28 29
1 2 3 5 6 11 12 13 14 15 22 23 24 25 27 28 29
0 1 2 3 4 5 6 9 10 11 12 13 14 15 18 19 21 22 23 24 25 26 27 28 29
0 1 2 3 4 5 6 9 10 11 12 13 14 15 18 19 21 22 23 24 25 26 27 28 29
0 1 2 3 4 5 6 9 10 11 12 13 14 15 18 19 21 22 23 24 25 26 27 28 29
1 2 3 5 6 7 11 12 13 14 15 16 17 20 22 23 24 25 27 28 29
1 2 3 5 6 11 12 13 14 15 22 23 24 25 27 28 29
1 2 3 5 6 7 11 12 13 14 15 16 17 20 22 23 24 25 27 28 29
1 2 3 5 6 11 12 13 14 15 22 23 24 25 27 28 29
1 2 3 5 6 7 11 12 13 14 15 16 17 20 22 23 24 25 27 28 29
0 1 2 3 4 5 6 9 10 11 12 13 14 15 18 19 21 22 23 24 25 26 27 28 29
1 2 3 5 6 11 12 13 14 15 22 23 24 25 27 28 29
1 2 3 5 6 11 12 13 14 15 22 23 24 25 27 28 29
1 2 3 5 6 11 12 13 14 15 22 23 24 25 27 28 29
0 1 2 3 4 5 6 9 10 11 12 13 14 15 18 19 21 22 23 24 25 26 27 28 29
0 1 2 3 4 5 6 9 10 11 12 13 14 15 18 19 21 22 23 24 25 26 27 28 29
1 2 3 5 6 11 12 13 14 15 22 23 24 25 27 28 29
1 2 3 5 6 11 12 13 14 15 22 23 24 25 27 28 29
1 2 3 5 6 7 11 12 13 14 15 16 17 20 22 23 24 25 27 28 29
0 1 2 3 4 5 6 9 10 11 12 13 14 15 18 19 21 22 23 24 25 26 27 28 29
1 2 3 5 6 11 12 13 14 15 22 23 24 25 27 28 29
0 1 2 3 4 5 6 9 10 11 12 13 14 15 18 19 21 22 23 24 25 26 27 28 29
1 2 3 5 6 7 11 12 13 14 15 16 17 20 22 23 24 25 27 28 29
-1 8 10 17 -1 7 4 -1 -1 -1 -1 16 12 15 6 14 -1 -1 -1 -1 -1 -1 9 3 11 2 -1 1 5 13 0
22 1 18 2 8 3 16 -1 -1 7 11 24 9 25 12 6 -1 -1 5 21 -1 14 13 23 17 20 19 10 15 4 0
28 25 0 6 19 14 12 10 15 9 24 18 29 8 11 2 5 3 26 4 16 7 21 23 22 30 17 20 27 13 1
-1 4 16 0 -1 10 13 -1 -1 -1 -1 3 14 2 12 7 -1 -1 -1 -1 -1 -1 17 5 6 11 -1 15 9 8 1
-1 8 14 19 -1 1 6 5 -1 -1 -1 20 21 7 16 13 4 9 -1 -1 10 -1 15 3 18 11 -1 12 17 2 0
-1 6 10 2 -1 1 14 -1 -1 -1 -1 12 5 7 13 8 -1 -1 -1 -1 -1 -1 11 9 17 16 -1 4 3 15 0
-1 8 13 9 -1 5 0 -1 -1 -1 -1 14 12 7 2 6 -1 -1 -1 -1 -1 -1 4 16 15 17 -1 3 10 11 1
-1 16 14 6 -1 10 13 -1 -1 -1 -1 11 15 9 4 1 -1 -1 -1 -1 -1 -1 12 5 2 3 -1 7 17 8 0
-1 17 14 6 -1 4 5 -1 -1 -1 -1 10 16 2 12 7 -1 -1 -1 -1 -1 -1 13 3 8 11 -1 1 15 9 0
24 7 14 19 2 4 6 -1 -1 0 8 12 25 21 15 23 -1 -1 16 22 -1 3 11 5 18 9 20 10 17 13 1
18 19 4 14 11 2 7 -1 -1 23 0 8 6 13 22 17 -1 -1 21 12 -1 5 10 15 16 20 25 3 9 24 1
20 12 18 11 6 3 7 -1 -1 24 9 1 15 17 8 16 -1 -1 19 5 -1 2 4 13 14 23 22 25 21 10 0
-1 20 15 5 -1 19 6 4 -1 -1 -1 13 1 8 2 17 7 14 -1 -1 10 -1 9 11 16 18 -1 3 21 12 0
-1 14 7 13 -1 6 12 -1 -1 -1 -1 16 2 1 3 9 -1 -1 -1 -1 -1 -1 8 11 17 5 -1 10 4 15 0
-1 19 10 5 -1 3 20 8 -1 -1 -1 17 14 9 1 11 12 13 -1 -1 18 -1 2 15 16 6 -1 4 21 7 0
-1 16 17 9 -1 5 2 -1 -1 -1 -1 3 13 14 15 0 -1 -1 -1 -1 -1 -1 6 7 12 10 -1 11 8 4 1
-1 15 12 10 -1 2 7 17 -1 -1 -1 16 6 18 9 14 1 13 -1 -1 20 -1 4 11 3 5 -1 8 19 21 0
6 11 13 14 5 19 18 -1 -1 9 10 22 17 23 7 1 -1 -1 3 12 -1 4 15 2 24 8 21 25 20 16 0
-1 3 6 1 -1 14 17 -1 -1 -1 -1 10 5 4 9 15 -1 -1 -1 -1 -1 -1 8 2 13 11 -1 12 7 16 0
-1 11 13 15 -1 17 12 -1 -1 -1 -1 3 9 5 14 1 -1 -1 -1 -1 -1 -1 10 7 8 6 -1 16 4 2 0
-1 4 6 16 -1 12 10 -1 -1 -1 -1 15 14 8 17 9 -1 -1 -1 -1 -1 -1 2 7 11 5 -1 1 3 13 0
3 9 18 16 6 24 2 -1 -1 22 12 19 4 10 14 13 -1 -1 5 21 -1 1 15 11 20 23 25 8 17 7 0
14 7 8 2 13 12 22 -1 -1 11 24 3 4 10 5 21 -1 -1 6 19 -1 18 1 9 23 15 25 20 16 17 0
-1 16 2 5 -1 10 11 -1 -1 -1 -1 12 14 4 6 9 -1 -1 -1 -1 -1 -1 13 0 8 3 -1 7 15 17 1
-1 15 6 5 -1 2 12 -1 -1 -1 -1 13 17 9 3 16 -1 -1 -1 -1 -1 -1 10 14 0 8 -1 11 7 4 1
-1 14 18 11 -1 12 15 3 -1 -1 -1 13 6 2 19 4 21 7 -1 -1 10 -1 17 16 5 1 -1 8 20 9 0
4 25 2 10 6 12 9 -1 -1 8 16 17 13 24 19 14 -1 -1 22 11 -1 20 23 7 15 5 1 3 21 18 0
-1 2 5 12 -1 11 7 -1 -1 -1 -1 4 13 6 17 8 -1 -1 -1 -1 -1 -1 16 15 9 3 -1 1 10 14 0
9 11 14 16 2 20 21 -1 -1 8 4 13 15 19 6 22 -1 -1 23 5 -1 24 10 7 18 17 3 25 1 12 0
-1 4 16 3 -1 13 20 5 -1 -1 -1 10 11 18 19 21 7 6 -1 -1 14 -1 9 17 12 15 -1 2 8 0 1
