30
3
O B A O A A A O A A B A O O A A A A O A A A O O A O A O B A
A O A A A A AB B A A O O B O A O AB O O A B A O A O A A A A O
A O A
1 10 11 13 15 17 18 22 24 29
1 7 10 11 12 13 15 17 18 20 22 24 29
0 1 2 3 4 5 8 9 10 11 13 14 15 17 18 19 21 22 23 24 25 26 27 28 29
1 10 11 13 15 17 18 22 24 29
0 1 2 3 4 5 8 9 10 11 13 14 15 17 18 19 21 22 23 24 25 26 27 28 29
0 1 2 3 4 5 8 9 10 11 13 14 15 17 18 19 21 22 23 24 25 26 27 28 29
0 1 2 3 4 5 8 9 10 11 13 14 15 17 18 19 21 22 23 24 25 26 27 28 29
1 10 11 13 15 17 18 22 24 29
0 1 2 3 4 5 8 9 10 11 13 14 15 17 18 19 21 22 23 24 25 26 27 28 29
0 1 2 3 4 5 8 9 10 11 13 14 15 17 18 19 21 22 23 24 25 26 27 28 29
1 7 10 11 12 13 15 17 18 20 22 24 29
0 1 2 3 4 5 8 9 10 11 13 14 15 17 18 19 21 22 23 24 25 26 27 28 29
1 10 11 13 15 17 18 22 24 29
1 10 11 13 15 17 18 22 24 29
0 1 2 3 4 5 8 9 10 11 13 14 15 17 18 19 21 22 23 24 25 26 27 28 29
0 1 2 3 4 5 8 9 10 11 13 14 15 17 18 19 21 22 23 24 25 26 27 28 29
0 1 2 3 4 5 8 9 10 11 13 14 15 17 18 19 21 22 23 24 25 26 27 28 29
0 1 2 3 4 5 8 9 10 11 13 14 15 17 18 19 21 22 23 24 25 26 27 28 29
1 10 11 13 15 17 18 22 24 29
0 1 2 3 4 5 8 9 10 11 13 14 15 17 18 19 21 22 23 24 25 26 27 28 29
0 1 2 3 4 5 8 9 10 11 13 14 15 17 18 19 21 22 23 24 25 26 27 28 29
0 1 2 3 4 5 8 9 10 11 13 14 15 17 18 19 21 22 23 24 25 26 27 28 29
1 10 11 13 15 17 18 22 24 29
1 10 11 13 15 17 18 22 24 29
0 1 2 3 4 5 8 9 10 11 13 14 15 17 18 19 21 22 23 24 25 26 27 28 29
1 10 11 13 15 17 18 22 24 29
0 1 2 3 4 5 8 9 10 11 13 14 15 17 18 19 21 22 23 24 25 26 27 28 29
1 10 11 13 15 17 18 22 24 29
1 7 10 11 12 13 15 17 18 20 22 24 29
0 1 2 3 4 5 8 9 10 11 13 14 15 17 18 19 21 22 23 24 25 26 27 28 29
-1 10 -1 -1 -1 -1 -1 -1 -1 -1 2 6 -1 3 -1 9 -1 7 8 -1 -1 -1 4 -1 5 -1 -1 -1 -1 1 0
-1 0 -1 -1 -1 -1 -1 4 -1 -1 6 2 9 11 -1 8 -1 13 10 -1 12 -1 5 -1 7 -1 -1 -1 -1 3 1
8 3 0 16 4 15 -1 -1 22 25 17 24 -1 23 9 6 -1 5 20 18 -1 13 10 14 2 21 11 19 12 7 1
-1 7 -1 -1 -1 -1 -1 -1 -1 -1 5 3 -1 2 -1 4 -1 1 8 -1 -1 -1 9 -1 6 -1 -1 -1 -1 10 0
5 13 17 10 0 6 -1 -1 24 22 18 20 -1 2 23 21 -1 25 14 11 -1 3 16 4 7 12 15 19 9 8 1
13 6 15 2 23 0 -1 -1 3 5 19 20 -1 22 24 8 -1 17 16 12 -1 21 14 11 25 7 9 4 10 18 1
24 14 22 3 12 13 -1 -1 25 5 4 15 -1 7 19 1 -1 2 18 23 -1 11 20 9 6 16 8 21 10 17 0
-1 7 -1 -1 -1 -1 -1 -1 -1 -1 10 8 -1 5 -1 1 -1 6 3 -1 -1 -1 2 -1 4 -1 -1 -1 -1 9 0
23 22 24 20 19 21 -1 -1 0 18 9 2 -1 16 11 6 -1 7 3 4 -1 13 5 12 25 17 14 10 8 15 1
9 13 6 5 12 11 -1 -1 19 1 18 7 -1 16 17 22 -1 21 24 25 -1 4 8 3 10 2 20 15 23 14 0
-1 6 -1 -1 -1 -1 -1 13 -1 -1 1 3 4 8 -1 2 -1 9 10 -1 7 -1 5 -1 11 -1 -1 -1 -1 12 0
14 9 6 21 5 17 -1 -1 22 8 2 1 -1 19 10 24 -1 12 20 15 -1 7 16 3 18 4 13 23 11 25 0
-1 7 -1 -1 -1 -1 -1 -1 -1 -1 9 5 -1 2 -1 1 -1 6 3 -1 -1 -1 4 -1 10 -1 -1 -1 -1 8 0
-1 5 -1 -1 -1 -1 -1 -1 -1 -1 6 8 -1 1 -1 9 -1 2 3 -1 -1 -1 10 -1 7 -1 -1 -1 -1 4 0
10 24 5 9 19 20 -1 -1 11 21 8 2 -1 23 1 14 -1 4 12 18 -1 16 15 17 25 3 22 13 7 6 0
24 10 21 8 23 16 -1 -1 2 20 18 5 -1 7 9 0 -1 15 14 11 -1 12 4 25 13 22 19 6 3 17 1
5 21 4 8 16 17 -1 -1 11 22 14 19 -1 20 2 1 -1 24 18 9 -1 7 10 25 13 15 6 12 3 23 0
20 25 17 3 18 6 -1 -1 21 11 8 10 -1 19 23 22 -1 1 14 24 -1 13 2 12 7 9 16 4 15 5 0
-1 4 -1 -1 -1 -1 -1 -1 -1 -1 5 2 -1 7 -1 8 -1 9 1 -1 -1 -1 6 -1 3 -1 -1 -1 -1 10 0
22 19 21 5 10 20 -1 -1 4 14 16 25 -1 7 12 13 -1 8 17 0 -1 3 11 15 9 18 2 23 6 24 1
10 3 9 2 8 17 -1 -1 24 18 6 21 -1 20 7 11 -1 13 15 1 -1 22 14 5 12 23 25 19 16 4 0
8 19 14 18 7 10 -1 -1 17 12 6 21 -1 20 23 5 -1 4 13 15 -1 0 2 11 24 9 25 3 22 16 1
-1 6 -1 -1 -1 -1 -1 -1 -1 -1 3 4 -1 5 -1 2 -1 10 9 -1 -1 -1 1 -1 8 -1 -1 -1 -1 7 0
-1 6 -1 -1 -1 -1 -1 -1 -1 -1 2 9 -1 7 -1 3 -1 4 8 -1 -1 -1 1 -1 10 -1 -1 -1 -1 5 0
10 22 25 4 18 6 -1 -1 9 7 19 14 -1 2 24 11 -1 12 8 21 -1 16 13 15 0 20 5 17 3 23 1
-1 10 -1 -1 -1 -1 -1 -1 -1 -1 8 4 -1 3 -1 7 -1 9 2 -1 -1 -1 5 -1 6 -1 -1 -1 -1 1 0
5 11 22 18 8 25 -1 -1 17 10 7 24 -1 20 6 3 -1 12 16 21 -1 15 4 2 13 19 0 9 23 14 1
-1 9 -1 -1 -1 -1 -1 -1 -1 -1 5 8 -1 10 -1 6 -1 1 7 -1 -1 -1 4 -1 3 -1 -1 -1 -1 2 0
-1 1 -1 -1 -1 -1 -1 6 -1 -1 5 12 7 10 -1 2 -1 8 13 -1 3 -1 11 -1 9 -1 -1 -1 -1 4 0
14 22 8 7 9 19 -1 -1 25 18 16 15 -1 24 4 6 -1 21 13 12 -1 2 3 23 17 11 10 5 20 0 1
