30
3
A A O O B O B A A A O O O O A O A A A A A B AB O O A O O A O
A O O A O O O O O B O O A A A O O A O A O O AB O B O O A AB A
O O A
0 1 2 3 4 5 6 7 8 10 11 12 13 14 15 16 17 18 19 20 21 23 25 26 27 29
0 1 2 3 4 5 6 7 8 10 11 12 13 14 15 16 17 18 19 20 21 23 25 26 27 29
1 2 4 5 6 7 8 10 11 15 16 18 20 21 23 25 26
1 2 4 5 6 7 8 10 11 15 16 18 20 21 23 25 26
1 2 4 5 6 7 8 9 10 11 15 16 18 20 21 23 24 25 26
1 2 4 5 6 7 8 10 11 15 16 18 20 21 23 25 26
1 2 4 5 6 7 8 9 10 11 15 16 18 20 21 23 24 25 26
0 1 2 3 4 5 6 7 8 10 11 12 13 14 15 16 17 18 19 20 21 23 25 26 27 29
0 1 2 3 4 5 6 7 8 10 11 12 13 14 15 16 17 18 19 20 21 23 25 26 27 29
0 1 2 3 4 5 6 7 8 10 11 12 13 14 15 16 17 18 19 20 21 23 25 26 27 29
1 2 4 5 6 7 8 10 11 15 16 18 20 21 23 25 26
1 2 4 5 6 7 8 10 11 15 16 18 20 21 23 25 26
1 2 4 5 6 7 8 10 11 15 16 18 20 21 23 25 26
1 2 4 5 6 7 8 10 11 15 16 18 20 21 23 25 26
0 1 2 3 4 5 6 7 8 10 11 12 13 14 15 16 17 18 19 20 21 23 25 26 27 29
1 2 4 5 6 7 8 10 11 15 16 18 20 21 23 25 26
0 1 2 3 4 5 6 7 8 10 11 12 13 14 15 16 17 18 19 20 21 23 25 26 27 29
0 1 2 3 4 5 6 7 8 10 11 12 13 14 15 16 17 18 19 20 21 23 25 26 27 29
0 1 2 3 4 5 6 7 8 10 11 12 13 14 15 16 17 18 19 20 21 23 25 26 27 29
0 1 2 3 4 5 6 7 8 10 11 12 13 14 15 16 17 18 19 20 21 23 25 26 27 29
0 1 2 3 4 5 6 7 8 10 11 12 13 14 15 16 17 18 19 20 21 23 25 26 27 29
1 2 4 5 6 7 8 9 10 11 15 16 18 20 21 23 24 25 26
0 1 2 3 4 5 6 7 8 9 10 11 12 13 14 15 16 17 18 19 20 21 22 23 24 25 26 27 28 29
1 2 4 5 6 7 8 10 11 15 16 18 20 21 23 25 26
1 2 4 5 6 7 8 10 11 15 16 18 20 21 23 25 26
0 1 2 3 4 5 6 7 8 10 11 12 13 14 15 16 17 18 19 20 21 23 25 26 27 29
1 2 4 5 6 7 8 10 11 15 16 18 20 21 23 25 26
1 2 4 5 6 7 8 10 11 15 16 18 20 21 23 25 26
0 1 2 3 4 5 6 7 8 10 11 12 13 14 15 16 17 18 19 20 21 23 25 26 27 29
1 2 4 5 6 7 8 10 11 15 16 18 20 21 23 25 26
1 3 21 2 6 17 14 13 11 -1 26 22 4 24 18 23 15 19 7 8 16 5 -1 12 -1 20 10 9 -1 25 0
7 23 12 6 20 16 5 2 25 -1 3 1 10 24 17 9 11 26 22 18 13 14 -1 19 -1 15 4 21 -1 8 0
-1 5 9 -1 12 3 13 1 17 -1 11 14 -1 -1 -1 7 15 -1 6 -1 4 16 -1 8 -1 2 10 -1 -1 -1 0
-1 8 13 0 14 10 2 12 18 -1 11 5 -1 -1 -1 15 17 -1 16 -1 4 6 -1 7 -1 9 3 -1 -1 -1 1
-1 16 1 -1 8 18 19 3 5 2 6 9 -1 -1 -1 4 11 -1 15 -1 17 13 -1 14 12 10 7 -1 -1 -1 0
-1 5 13 -1 12 10 2 14 1 -1 3 8 -1 -1 -1 11 4 -1 9 -1 6 17 -1 15 -1 16 7 -1 -1 -1 0
-1 17 13 -1 7 11 4 6 15 8 12 14 -1 -1 -1 3 10 -1 18 -1 2 1 -1 16 19 5 9 -1 -1 -1 0
12 6 15 16 23 21 1 2 18 -1 7 3 5 14 22 25 20 17 26 8 13 11 -1 19 -1 10 9 24 -1 4 0
19 3 21 13 8 20 23 11 1 -1 22 17 15 5 12 25 6 4 16 9 24 7 -1 14 -1 18 2 26 -1 10 0
2 14 20 13 8 12 21 16 26 0 6 4 22 15 7 19 27 11 17 23 24 25 -1 10 -1 18 3 9 -1 5 1
-1 11 6 -1 5 17 2 9 4 -1 8 12 -1 -1 -1 13 10 -1 16 -1 14 15 -1 3 -1 1 7 -1 -1 -1 0
-1 15 4 -1 14 16 10 2 1 -1 3 6 -1 -1 -1 9 11 -1 7 -1 12 5 -1 13 -1 17 8 -1 -1 -1 0
-1 9 16 -1 7 5 17 18 8 -1 10 12 0 -1 -1 14 4 -1 11 -1 6 13 -1 15 -1 2 3 -1 -1 -1 1
-1 4 11 -1 17 10 8 13 9 -1 12 18 -1 1 -1 7 6 -1 2 -1 15 14 -1 3 -1 16 5 -1 -1 -1 0
3 12 10 14 11 17 6 9 2 -1 22 13 16 7 1 20 18 25 4 21 19 24 -1 26 -1 8 15 23 -1 5 0
-1 10 9 -1 3 13 6 7 4 -1 15 14 -1 -1 -1 5 11 -1 8 -1 16 17 -1 12 -1 2 1 -1 -1 -1 0
19 15 5 4 20 13 10 21 8 -1 14 17 23 25 16 18 3 26 11 6 1 22 -1 7 -1 12 24 2 -1 9 0
23 6 7 25 10 9 15 8 18 -1 4 19 24 1 21 13 20 17 14 26 3 5 -1 11 -1 12 2 22 -1 16 0
14 18 3 24 9 25 2 11 5 -1 17 8 20 26 19 4 21 16 10 22 23 6 -1 13 -1 12 1 15 -1 7 0
24 10 19 25 15 1 16 11 3 -1 7 21 13 14 23 18 26 2 6 22 12 5 -1 20 -1 17 9 8 -1 4 0
1 22 12 18 8 4 7 19 11 -1 3 16 9 5 24 23 21 13 2 25 6 17 -1 14 -1 10 26 15 -1 20 0
-1 5 18 -1 3 6 2 11 13 1 4 19 -1 -1 -1 15 7 -1 9 -1 17 16 -1 14 10 8 12 -1 -1 -1 0
13 14 8 2 19 1 5 9 27 23 28 21 3 30 25 11 22 4 29 7 12 18 17 10 24 6 26 20 16 15 0
-1 9 4 -1 12 2 14 10 1 -1 6 15 -1 -1 -1 7 11 -1 17 -1 8 13 -1 16 -1 5 3 -1 -1 -1 0
-1 13 6 -1 5 8 9 17 16 -1 14 10 -1 -1 -1 15 18 -1 3 -1 7 2 -1 12 0 4 11 -1 -1 -1 1
7 1 16 2 4 15 9 14 25 -1 24 18 23 20 3 26 6 5 10 21 19 8 -1 11 -1 13 17 22 -1 12 0
-1 7 1 -1 2 15 4 9 8 -1 14 5 -1 -1 -1 10 16 -1 13 -1 11 12 -1 3 -1 17 6 -1 -1 -1 0
-1 4 2 -1 6 11 3 16 14 -1 13 5 -1 -1 -1 18 17 -1 12 -1 9 10 -1 8 -1 7 15 0 -1 -1 1
21 18 13 9 22 6 20 25 27 -1 2 4 24 3 14 12 7 11 15 10 19 17 -1 26 -1 8 23 16 1 5 0
-1 12 13 -1 11 7 4 18 8 -1 6 3 -1 -1 -1 15 14 -1 16 -1 9 10 -1 5 -1 17 2 -1 -1 1 0
