30
3
O O A O A A O O A A O O O O A O O O A A A O O A B O A A A A
A A O O A O O O O O A A O O A O AB O O O O O O O B O O O A O
A A B
2 3 5 6 7 8 9 12 13 15 17 18 19 20 21 22 23 25 26 27 29
2 3 5 6 7 8 9 12 13 15 17 18 19 20 21 22 23 25 26 27 29
0 1 2 3 4 5 6 7 8 9 10 11 12 13 14 15 17 18 19 20 21 22 23 25 26 27 28 29
2 3 5 6 7 8 9 12 13 15 17 18 19 20 21 22 23 25 26 27 29
0 1 2 3 4 5 6 7 8 9 10 11 12 13 14 15 17 18 19 20 21 22 23 25 26 27 28 29
0 1 2 3 4 5 6 7 8 9 10 11 12 13 14 15 17 18 19 20 21 22 23 25 26 27 28 29
2 3 5 6 7 8 9 12 13 15 17 18 19 20 21 22 23 25 26 27 29
2 3 5 6 7 8 9 12 13 15 17 18 19 20 21 22 23 25 26 27 29
0 1 2 3 4 5 6 7 8 9 10 11 12 13 14 15 17 18 19 20 21 22 23 25 26 27 28 29
0 1 2 3 4 5 6 7 8 9 10 11 12 13 14 15 17 18 19 20 21 22 23 25 26 27 28 29
2 3 5 6 7 8 9 12 13 15 17 18 19 20 21 22 23 25 26 27 29
2 3 5 6 7 8 9 12 13 15 17 18 19 20 21 22 23 25 26 27 29
2 3 5 6 7 8 9 12 13 15 17 18 19 20 21 22 23 25 26 27 29
2 3 5 6 7 8 9 12 13 15 17 18 19 20 21 22 23 25 26 27 29
0 1 2 3 4 5 6 7 8 9 10 11 12 13 14 15 17 18 19 20 21 22 23 25 26 27 28 29
2 3 5 6 7 8 9 12 13 15 17 18 19 20 21 22 23 25 26 27 29
2 3 5 6 7 8 9 12 13 15 17 18 19 20 21 22 23 25 26 27 29
2 3 5 6 7 8 9 12 13 15 17 18 19 20 21 22 23 25 26 27 29
0 1 2 3 4 5 6 7 8 9 10 11 12 13 14 15 17 18 19 20 21 22 23 25 26 27 28 29
0 1 2 3 4 5 6 7 8 9 10 11 12 13 14 15 17 18 19 20 21 22 23 25 26 27 28 29
0 1 2 3 4 5 6 7 8 9 10 11 12 13 14 15 17 18 19 20 21 22 23 25 26 27 28 29
2 3 5 6 7 8 9 12 13 15 17 18 19 20 21 22 23 25 26 27 29
2 3 5 6 7 8 9 12 13 15 17 18 19 20 21 22 23 25 26 27 29
0 1 2 3 4 5 6 7 8 9 10 11 12 13 14 15 17 18 19 20 21 22 23 25 26 27 28 29
2 3 5 6 7 8 9 12 13 15 17 18 19 20 21 22 23 24 25 26 27 29
2 3 5 6 7 8 9 12 13 15 17 18 19 20 21 22 23 25 26 27 29
0 1 2 3 4 5 6 7 8 9 10 11 12 13 14 15 17 18 19 20 21 22 23 25 26 27 28 29
0 1 2 3 4 5 6 7 8 9 10 11 12 13 14 15 17 18 19 20 21 22 23 25 26 27 28 29
0 1 2 3 4 5 6 7 8 9 10 11 12 13 14 15 17 18 19 20 21 22 23 25 26 27 28 29
0 1 2 3 4 5 6 7 8 9 10 11 12 13 14 15 17 18 19 20 21 22 23 25 26 27 28 29
1 -1 7 19 -1 18 22 8 3 5 -1 -1 13 9 -1 12 -1 17 2 4 10 20 14 15 -1 21 6 11 -1 16 0
-1 0 5 13 -1 22 19 17 8 9 -1 -1 12 6 -1 16 -1 20 14 15 7 3 10 11 -1 2 4 18 -1 21 1
3 23 -1 22 16 8 2 15 18 20 11 21 13 12 17 26 -1 28 10 6 24 5 14 4 -1 9 19 25 27 1 0
-1 -1 17 -1 -1 15 3 2 8 10 -1 -1 4 20 -1 21 -1 7 18 9 19 12 1 16 -1 11 6 13 -1 5 0
20 4 23 11 -1 9 22 19 5 15 16 18 7 21 13 17 -1 1 2 27 28 14 25 24 -1 8 3 12 26 6 0
20 5 12 10 16 -1 15 22 1 4 25 17 26 13 11 21 -1 2 24 18 28 23 3 19 -1 27 14 6 9 7 0
-1 -1 1 6 -1 13 -1 19 12 5 -1 -1 21 18 -1 17 -1 16 10 14 9 8 3 2 -1 15 11 7 -1 4 0
-1 -1 2 10 -1 18 11 -1 7 6 -1 -1 16 15 -1 9 -1 19 12 17 13 4 5 8 -1 1 20 21 -1 3 0
12 4 23 20 19 11 22 2 -1 7 10 8 25 5 14 15 -1 21 24 16 9 18 28 13 -1 26 1 3 27 17 0
16 11 1 26 5 3 20 15 14 -1 23 13 9 22 19 24 -1 4 18 2 10 25 6 8 -1 27 28 21 17 7 0
-1 -1 20 9 -1 17 10 7 11 14 1 -1 13 4 -1 3 -1 2 16 6 5 12 15 19 -1 21 18 22 -1 8 0
-1 -1 3 8 -1 16 2 5 6 7 -1 0 4 20 -1 22 -1 18 12 15 19 13 9 14 -1 21 10 17 -1 11 1
-1 -1 14 11 -1 16 12 4 6 17 -1 -1 -1 15 -1 8 -1 10 18 7 20 3 13 1 -1 2 5 9 -1 21 0
-1 -1 8 14 -1 6 19 11 9 18 -1 -1 7 -1 -1 2 -1 4 16 17 13 20 3 12 -1 5 10 1 -1 15 0
4 3 10 5 15 26 2 7 25 27 13 24 14 8 -1 16 -1 22 9 11 1 12 23 21 -1 18 19 28 6 17 0
-1 -1 4 19 -1 20 11 13 9 12 -1 -1 6 7 -1 -1 -1 8 10 17 5 2 14 1 -1 15 21 3 -1 18 0
-1 -1 8 21 -1 5 11 17 12 4 -1 -1 3 14 -1 9 1 22 20 16 10 19 18 7 -1 15 2 13 -1 6 0
-1 -1 1 8 -1 21 10 4 9 14 -1 -1 3 17 -1 20 -1 -1 15 16 11 7 19 5 -1 12 6 13 -1 18 0
26 23 3 28 13 17 7 22 14 27 10 12 9 19 15 1 -1 11 -1 20 18 21 24 8 -1 4 16 2 5 25 0
18 6 5 20 24 4 7 28 12 11 27 17 14 21 26 8 -1 10 25 -1 19 16 15 1 -1 9 22 3 2 13 0
14 19 18 11 12 6 1 27 24 21 3 2 13 15 22 10 -1 23 9 17 -1 5 8 25 -1 20 26 4 28 7 0
-1 -1 9 2 -1 12 3 1 4 5 -1 -1 16 21 -1 15 -1 10 13 18 7 -1 17 20 -1 6 8 14 -1 19 0
-1 -1 14 20 -1 6 11 15 13 3 -1 -1 4 19 -1 12 -1 2 8 17 10 16 -1 21 -1 1 9 18 -1 7 0
17 14 11 8 7 18 3 19 12 27 10 16 22 15 5 25 -1 23 1 28 2 4 26 -1 -1 20 9 24 21 13 0
-1 -1 10 13 -1 5 6 16 11 15 -1 -1 21 18 -1 7 -1 22 19 17 8 14 2 20 -1 4 1 12 -1 3 0
-1 -1 8 12 -1 11 9 15 5 1 -1 -1 16 3 -1 4 -1 10 21 2 14 7 19 20 -1 -1 17 6 -1 13 0
22 1 17 14 2 25 10 19 3 24 20 6 13 21 18 26 -1 28 9 7 12 16 8 5 -1 27 -1 4 15 11 0
1 17 3 12 25 2 24 20 7 22 4 19 15 8 10 27 -1 14 9 11 26 16 23 13 -1 28 21 -1 18 6 0
4 2 15 23 1 14 26 18 13 19 28 5 7 6 27 3 -1 25 21 10 22 9 20 11 -1 8 24 12 -1 17 0
5 2 6 25 19 7 26 10 20 16 27 3 8 21 13 24 -1 9 23 4 28 22 12 15 -1 18 14 11 1 -1 0
