30
3
A O O O O A A B AB A O A B O A O O O O A O O A A O O A B O O
O B O O O A A A O B A O B O A A A O A B O B O A B O O O A A
A A A
0 2 3 4 5 6 7 8 10 11 13 14 15 16 17 18 20 22 23 25 26 27 28 29
0 2 3 4 8 11 13 17 20 22 25 26 27
0 2 3 4 8 11 13 17 20 22 25 26 27
0 2 3 4 8 11 13 17 20 22 25 26 27
0 2 3 4 8 11 13 17 20 22 25 26 27
0 2 3 4 5 6 7 8 10 11 13 14 15 16 17 18 20 22 23 25 26 27 28 29
0 2 3 4 5 6 7 8 10 11 13 14 15 16 17 18 20 22 23 25 26 27 28 29
0 1 2 3 4 8 9 11 12 13 17 19 20 21 22 24 25 26 27
0 1 2 3 4 5 6 7 8 9 10 11 12 13 14 15 16 17 18 19 20 21 22 23 24 25 26 27 28 29
0 2 3 4 5 6 7 8 10 11 13 14 15 16 17 18 20 22 23 25 26 27 28 29
0 2 3 4 8 11 13 17 20 22 25 26 27
0 2 3 4 5 6 7 8 10 11 13 14 15 16 17 18 20 22 23 25 26 27 28 29
0 1 2 3 4 8 9 11 12 13 17 19 20 21 22 24 25 26 27
0 2 3 4 8 11 13 17 20 22 25 26 27
0 2 3 4 5 6 7 8 10 11 13 14 15 16 17 18 20 22 23 25 26 27 28 29
0 2 3 4 8 11 13 17 20 22 25 26 27
0 2 3 4 8 11 13 17 20 22 25 26 27
0 2 3 4 8 11 13 17 20 22 25 26 27
0 2 3 4 8 11 13 17 20 22 25 26 27
0 2 3 4 5 6 7 8 10 11 13 14 15 16 17 18 20 22 23 25 26 27 28 29
0 2 3 4 8 11 13 17 20 22 25 26 27
0 2 3 4 8 11 13 17 20 22 25 26 27
0 2 3 4 5 6 7 8 10 11 13 14 15 16 17 18 20 22 23 25 26 27 28 29
0 2 3 4 5 6 7 8 10 11 13 14 15 16 17 18 20 22 23 25 26 27 28 29
0 2 3 4 8 11 13 17 20 22 25 26 27
0 2 3 4 8 11 13 17 20 22 25 26 27
0 2 3 4 5 6 7 8 10 11 13 14 15 16 17 18 20 22 23 25 26 27 28 29
0 1 2 3 4 8 9 11 12 13 17 19 20 21 22 24 25 26 27
0 2 3 4 8 11 13 17 20 22 25 26 27
0 2 3 4 8 11 13 17 20 22 25 26 27
-1 -1 4 24 19 7 20 11 6 -1 15 23 -1 5 14 16 2 22 17 -1 13 -1 18 8 -1 3 12 21 1 10 0
6 0 4 7 2 -1 -1 -1 5 -1 -1 11 -1 3 -1 -1 -1 13 -1 -1 8 -1 9 -1 -1 10 12 14 -1 -1 1
9 -1 -1 6 13 -1 -1 -1 3 -1 -1 11 -1 12 -1 -1 -1 2 -1 -1 5 -1 1 -1 -1 7 4 10 -1 -1 0
3 -1 1 -1 12 -1 -1 -1 11 -1 -1 5 -1 10 -1 -1 -1 8 -1 -1 13 -1 4 -1 -1 2 7 6 -1 -1 0
8 -1 9 3 -1 -1 -1 -1 10 -1 -1 2 -1 7 -1 -1 -1 1 -1 -1 4 -1 6 -1 -1 13 11 5 -1 -1 0
2 -1 14 3 10 -1 18 6 23 -1 22 1 -1 11 21 17 13 16 5 -1 20 -1 4 12 -1 24 19 9 15 8 0
9 -1 7 5 3 23 -1 18 6 -1 21 24 -1 15 20 10 22 4 19 -1 16 -1 1 13 -1 14 17 12 2 11 0
5 20 18 19 11 -1 -1 1 15 3 -1 4 13 8 -1 -1 -1 16 -1 10 2 14 6 -1 12 17 7 9 -1 -1 0
28 22 25 23 7 13 14 1 -1 29 9 5 16 8 20 24 6 11 26 21 3 12 15 4 30 2 19 17 10 18 0
15 -1 5 17 2 20 14 16 12 1 19 13 -1 11 9 7 8 4 24 -1 21 -1 23 25 -1 6 10 3 22 18 0
2 -1 9 3 13 -1 -1 -1 10 -1 1 5 -1 7 -1 -1 -1 11 -1 -1 4 -1 14 -1 -1 6 8 12 -1 -1 0
9 -1 2 22 18 7 11 12 24 -1 15 -1 -1 19 17 20 8 21 13 -1 16 -1 4 10 -1 1 14 3 23 6 0
10 16 8 6 1 -1 -1 -1 11 4 -1 7 -1 3 -1 -1 -1 14 -1 5 18 2 17 -1 9 15 13 12 -1 -1 0
9 -1 13 6 2 -1 -1 -1 12 -1 -1 7 -1 -1 -1 -1 -1 8 -1 -1 4 -1 1 -1 -1 5 10 3 -1 -1 0
10 -1 18 19 11 3 17 6 5 -1 12 8 -1 21 -1 15 9 7 2 -1 24 -1 13 1 -1 23 20 22 4 16 0
14 -1 6 12 7 -1 -1 -1 9 -1 -1 5 -1 13 -1 1 -1 10 -1 -1 2 -1 11 -1 -1 4 8 3 -1 -1 0
11 -1 14 13 6 -1 -1 -1 2 -1 -1 5 -1 4 -1 -1 1 8 -1 -1 9 -1 7 -1 -1 12 10 3 -1 -1 0
2 -1 4 6 1 -1 -1 -1 11 -1 -1 5 -1 13 -1 -1 -1 -1 -1 -1 10 -1 12 -1 -1 9 8 3 -1 -1 0
11 -1 7 2 8 -1 -1 -1 10 -1 -1 3 -1 4 -1 -1 -1 14 0 -1 13 -1 9 -1 -1 5 12 6 -1 -1 1
4 -1 3 19 11 15 22 10 5 -1 13 9 -1 16 6 25 2 14 7 0 18 -1 8 20 -1 17 21 23 24 12 1
3 -1 8 4 2 -1 -1 -1 5 -1 -1 6 -1 13 -1 -1 -1 10 -1 -1 -1 -1 7 -1 -1 9 11 1 -1 -1 0
12 -1 5 7 13 -1 -1 -1 4 -1 -1 10 -1 14 -1 -1 -1 9 -1 -1 8 0 6 -1 -1 2 3 11 -1 -1 1
5 -1 23 18 17 13 11 2 4 -1 22 3 -1 24 15 7 14 6 8 -1 21 -1 -1 12 -1 16 10 19 9 20 0
2 -1 12 13 22 5 17 19 11 -1 1 10 -1 7 4 3 8 9 21 -1 6 -1 14 -1 -1 20 24 16 15 18 0
3 -1 10 11 9 -1 -1 -1 2 -1 -1 5 -1 13 -1 -1 -1 12 -1 -1 7 -1 14 -1 1 6 4 8 -1 -1 0
9 -1 13 4 3 -1 -1 -1 1 -1 -1 11 -1 12 -1 -1 -1 8 -1 -1 10 -1 6 -1 -1 -1 7 5 -1 -1 0
7 -1 20 9 2 19 17 10 16 -1 23 11 -1 22 8 24 21 6 5 -1 4 -1 13 12 -1 15 -1 14 18 3 0
12 8 2 13 15 -1 -1 -1 5 17 -1 14 18 16 -1 -1 -1 10 -1 4 3 11 1 -1 6 7 9 -1 -1 -1 0
10 -1 9 3 12 -1 -1 -1 13 -1 -1 4 -1 7 -1 -1 -1 14 -1 -1 5 -1 6 -1 -1 11 8 2 1 -1 0
5 -1 9 11 10 -1 -1 -1 13 -1 -1 4 -1 14 -1 -1 -1 12 -1 -1 7 -1 8 -1 -1 2 3 6 -1 1 0
