30
3
O A A AB O O A A A A A A B A A A A A A A O A A O A O A A A O
A O B O A O O A A A A O A A A A O O O O A A O A O A B O A A
A A AB
1 3 5 6 11 16 17 18 19 22 24 27
0 1 3 4 5 6 7 8 9 10 11 12 13 14 15 16 17 18 19 20 21 22 23 24 25 27 28 29
0 1 3 4 5 6 7 8 9 10 11 12 13 14 15 16 17 18 19 20 21 22 23 24 25 27 28 29
0 1 2 3 4 5 6 7 8 9 10 11 12 13 14 15 16 17 18 19 20 21 22 23 24 25 26 27 28 29
1 3 5 6 11 16 17 18 19 22 24 27
1 3 5 6 11 16 17 18 19 22 24 27
0 1 3 4 5 6 7 8 9 10 11 12 13 14 15 16 17 18 19 20 21 22 23 24 25 27 28 29
0 1 3 4 5 6 7 8 9 10 11 12 13 14 15 16 17 18 19 20 21 22 23 24 25 27 28 29
0 1 3 4 5 6 7 8 9 10 11 12 13 14 15 16 17 18 19 20 21 22 23 24 25 27 28 29
0 1 3 4 5 6 7 8 9 10 11 12 13 14 15 16 17 18 19 20 21 22 23 24 25 27 28 29
0 1 3 4 5 6 7 8 9 10 11 12 13 14 15 16 17 18 19 20 21 22 23 24 25 27 28 29
0 1 3 4 5 6 7 8 9 10 11 12 13 14 15 16 17 18 19 20 21 22 23 24 25 27 28 29
1 2 3 5 6 11 16 17 18 19 22 24 26 27
0 1 3 4 5 6 7 8 9 10 11 12 13 14 15 16 17 18 19 20 21 22 23 24 25 27 28 29
0 1 3 4 5 6 7 8 9 10 11 12 13 14 15 16 17 18 19 20 21 22 23 24 25 27 28 29
0 1 3 4 5 6 7 8 9 10 11 12 13 14 15 16 17 18 19 20 21 22 23 24 25 27 28 29
0 1 3 4 5 6 7 8 9 10 11 12 13 14 15 16 17 18 19 20 21 22 23 24 25 27 28 29
0 1 3 4 5 6 7 8 9 10 11 12 13 14 15 16 17 18 19 20 21 22 23 24 25 27 28 29
0 1 3 4 5 6 7 8 9 10 11 12 13 14 15 16 17 18 19 20 21 22 23 24 25 27 28 29
0 1 3 4 5 6 7 8 9 10 11 12 13 14 15 16 17 18 19 20 21 22 23 24 25 27 28 29
1 3 5 6 11 16 17 18 19 22 24 27
0 1 3 4 5 6 7 8 9 10 11 12 13 14 15 16 17 18 19 20 21 22 23 24 25 27 28 29
0 1 3 4 5 6 7 8 9 10 11 12 13 14 15 16 17 18 19 20 21 22 23 24 25 27 28 29
1 3 5 6 11 16 17 18 19 22 24 27
0 1 3 4 5 6 7 8 9 10 11 12 13 14 15 16 17 18 19 20 21 22 23 24 25 27 28 29
1 3 5 6 11 16 17 18 19 22 24 27
0 1 3 4 5 6 7 8 9 10 11 12 13 14 15 16 17 18 19 20 21 22 23 24 25 27 28 29
0 1 3 4 5 6 7 8 9 10 11 12 13 14 15 16 17 18 19 20 21 22 23 24 25 27 28 29
0 1 3 4 5 6 7 8 9 10 11 12 13 14 15 16 17 18 19 20 21 22 23 24 25 27 28 29
1 3 5 6 11 16 17 18 19 22 24 27
1 6 -1 4 -1 5 10 -1 -1 -1 -1 2 -1 -1 -1 -1 3 9 13 11 -1 -1 12 -1 7 -1 -1 8 -1 -1 0
24 4 -1 15 16 22 21 27 19 2 7 17 6 18 13 26 5 25 14 10 1 20 8 28 3 11 -1 23 9 12 0
27 7 0 28 2 22 20 21 10 23 14 9 19 16 4 24 12 17 26 13 8 11 29 5 3 18 -1 15 25 6 1
8 24 11 1 22 7 10 16 23 14 12 25 29 19 30 28 17 4 27 18 3 2 15 6 13 26 20 21 5 9 0
-1 7 -1 5 1 12 6 -1 -1 -1 -1 9 -1 -1 -1 -1 10 3 8 13 -1 -1 4 -1 2 -1 -1 11 -1 -1 0
-1 4 -1 12 -1 11 1 -1 -1 -1 -1 9 -1 -1 -1 -1 8 2 6 7 -1 -1 10 -1 5 -1 -1 3 -1 -1 0
15 6 -1 9 24 25 12 2 7 28 5 21 16 13 17 19 11 4 27 20 8 23 22 10 14 18 -1 3 26 1 0
11 12 -1 14 2 3 24 6 13 15 28 25 8 5 7 9 20 23 18 16 19 17 26 1 21 22 -1 4 10 27 0
8 1 -1 3 12 13 26 25 17 7 14 10 18 21 24 16 2 4 22 28 23 20 9 5 6 11 -1 27 19 15 0
6 2 -1 22 26 20 5 7 17 10 1 19 9 4 21 15 8 28 11 16 14 3 27 13 23 25 -1 18 12 24 0
25 28 -1 3 15 17 12 2 26 9 18 11 8 20 1 19 5 22 27 23 21 10 13 24 6 7 -1 14 16 4 0
3 2 -1 15 16 23 27 5 1 18 12 17 14 13 24 26 20 11 9 6 28 7 22 4 25 21 -1 8 19 10 0
-1 14 12 4 -1 7 8 -1 -1 -1 -1 5 0 -1 -1 -1 13 9 11 10 -1 -1 2 -1 15 -1 6 3 -1 -1 1
5 24 -1 3 17 11 10 25 28 1 18 6 21 16 2 26 4 8 27 23 7 12 19 20 15 9 -1 14 22 13 0
9 13 -1 3 17 14 15 5 6 8 19 10 7 20 16 28 2 22 21 25 18 12 24 23 4 1 -1 11 26 27 0
6 7 -1 25 18 26 21 8 17 22 24 3 10 27 23 5 20 2 16 28 13 11 4 19 12 15 -1 14 1 9 0
20 27 -1 17 19 14 5 23 2 28 26 10 6 3 11 8 12 1 21 22 24 13 25 16 18 9 -1 7 4 15 0
13 21 -1 4 1 12 10 7 17 28 11 24 16 6 18 20 2 22 14 26 9 15 3 25 27 5 -1 23 19 8 0
11 18 -1 17 7 21 1 16 28 13 22 12 26 25 14 27 15 5 9 19 23 8 3 24 20 2 -1 6 10 4 0
5 26 -1 9 10 2 14 12 28 21 23 20 22 25 7 1 4 11 18 27 24 19 16 15 13 17 -1 3 8 6 0
-1 13 -1 7 -1 10 12 -1 -1 -1 -1 5 -1 -1 -1 -1 3 11 9 4 1 -1 2 -1 8 -1 -1 6 -1 -1 0
15 21 -1 28 4 11 25 3 26 22 5 27 20 12 17 14 10 1 9 6 16 8 2 13 18 7 -1 19 23 24 0
16 12 -1 9 6 17 1 14 4 13 27 7 10 5 3 8 21 11 18 15 2 24 28 20 25 19 -1 23 22 26 0
-1 7 -1 5 -1 9 3 -1 -1 -1 -1 12 -1 -1 -1 -1 8 10 2 11 -1 -1 4 0 13 -1 -1 6 -1 -1 1
9 5 -1 23 1 18 14 25 21 4 24 20 6 12 22 7 10 13 11 8 19 15 3 16 26 17 -1 2 28 27 0
-1 3 -1 8 -1 11 7 -1 -1 -1 -1 2 -1 -1 -1 -1 10 13 12 5 -1 -1 4 -1 6 1 -1 9 -1 -1 0
9 12 -1 6 25 19 10 4 20 29 27 15 28 17 26 23 11 5 22 24 2 8 7 3 18 13 1 14 21 16 0
14 19 -1 28 22 1 20 3 10 23 21 18 12 5 25 27 17 26 7 16 4 6 8 24 13 9 -1 11 2 15 0
17 4 -1 25 9 1 10 6 21 11 16 13 20 3 19 15 23 24 14 26 2 27 28 18 7 5 -1 12 8 22 0
-1 6 -1 8 -1 12 7 -1 -1 -1 -1 11 -1 -1 -1 -1 3 10 4 2 -1 -1 9 -1 5 -1 -1 13 -1 1 0
