30
3
B O O B B B O B A A B O A O O A O B O O O A A A B A O B A O
AB A O A O O O A A A O O B AB A A A A A A A O O O O O A A A O
A A A
2 4 5 6 10 11 12 21 22 23 24 25 29
2 4 5 6 10 11 21 22 23 24 25 29
2 4 5 6 10 11 21 22 23 24 25 29
2 4 5 6 10 11 12 21 22 23 24 25 29
2 4 5 6 10 11 12 21 22 23 24 25 29
2 4 5 6 10 11 12 21 22 23 24 25 29
2 4 5 6 10 11 21 22 23 24 25 29
2 4 5 6 10 11 12 21 22 23 24 25 29
1 2 3 4 5 6 7 8 9 10 11 14 15 16 17 18 19 20 21 22 23 24 25 26 27 28 29
1 2 3 4 5 6 7 8 9 10 11 14 15 16 17 18 19 20 21 22 23 24 25 26 27 28 29
2 4 5 6 10 11 12 21 22 23 24 25 29
2 4 5 6 10 11 21 22 23 24 25 29
1 2 3 4 5 6 7 8 9 10 11 14 15 16 17 18 19 20 21 22 23 24 25 26 27 28 29
2 4 5 6 10 11 21 22 23 24 25 29
2 4 5 6 10 11 21 22 23 24 25 29
1 2 3 4 5 6 7 8 9 10 11 14 15 16 17 18 19 20 21 22 23 24 25 26 27 28 29
2 4 5 6 10 11 21 22 23 24 25 29
2 4 5 6 10 11 12 21 22 23 24 25 29
2 4 5 6 10 11 21 22 23 24 25 29
2 4 5 6 10 11 21 22 23 24 25 29
2 4 5 6 10 11 21 22 23 24 25 29
1 2 3 4 5 6 7 8 9 10 11 14 15 16 17 18 19 20 21 22 23 24 25 26 27 28 29
1 2 3 4 5 6 7 8 9 10 11 14 15 16 17 18 19 20 21 22 23 24 25 26 27 28 29
1 2 3 4 5 6 7 8 9 10 11 14 15 16 17 18 19 20 21 22 23 24 25 26 27 28 29
2 4 5 6 10 11 12 21 22 23 24 25 29
1 2 3 4 5 6 7 8 9 10 11 14 15 16 17 18 19 20 21 22 23 24 25 26 27 28 29
2 4 5 6 10 11 21 22 23 24 25 29
2 4 5 6 10 11 12 21 22 23 24 25 29
1 2 3 4 5 6 7 8 9 10 11 14 15 16 17 18 19 20 21 22 23 24 25 26 27 28 29
2 4 5 6 10 11 21 22 23 24 25 29
-1 -1 3 -1 11 13 8 -1 -1 -1 10 4 2 -1 -1 -1 -1 -1 -1 -1 -1 5 7 12 1 9 -1 -1 -1 6 0
-1 -1 1 -1 8 3 11 -1 -1 -1 10 6 -1 -1 -1 -1 -1 -1 -1 -1 -1 5 4 2 9 12 -1 -1 -1 7 0
-1 -1 1 -1 3 12 2 -1 -1 -1 9 4 -1 -1 -1 -1 -1 -1 -1 -1 -1 10 7 8 11 5 -1 -1 -1 6 0
-1 -1 4 -1 7 2 11 -1 -1 -1 9 8 12 -1 -1 -1 -1 -1 -1 -1 -1 10 13 5 1 3 -1 -1 -1 6 0
-1 -1 2 -1 0 5 8 -1 -1 -1 3 4 10 -1 -1 -1 -1 -1 -1 -1 -1 13 12 9 11 6 -1 -1 -1 7 1
-1 -1 7 -1 11 0 4 -1 -1 -1 8 3 5 -1 -1 -1 -1 -1 -1 -1 -1 9 6 10 12 2 -1 -1 -1 13 1
-1 -1 5 -1 6 8 0 -1 -1 -1 3 9 -1 -1 -1 -1 -1 -1 -1 -1 -1 10 2 7 12 4 -1 -1 -1 11 1
-1 -1 12 -1 9 10 13 -1 -1 -1 6 2 7 -1 -1 -1 -1 -1 -1 -1 -1 11 5 3 4 1 -1 -1 -1 8 0
-1 3 7 13 25 22 24 14 1 16 23 11 -1 -1 26 6 20 19 8 2 15 4 27 17 9 5 18 10 21 12 0
-1 7 14 27 18 20 11 4 6 0 17 2 -1 -1 8 5 19 13 16 12 24 3 25 23 22 9 26 10 21 15 1
-1 -1 6 -1 9 2 4 -1 -1 -1 0 13 10 -1 -1 -1 -1 -1 -1 -1 -1 3 7 5 11 8 -1 -1 -1 12 1
-1 -1 3 -1 9 11 10 -1 -1 -1 6 0 -1 -1 -1 -1 -1 -1 -1 -1 -1 5 4 2 7 8 -1 -1 -1 12 1
-1 17 14 2 4 23 15 3 8 16 5 26 -1 -1 20 24 13 7 11 19 25 21 9 22 18 6 12 27 1 10 0
-1 -1 9 -1 5 6 11 -1 -1 -1 4 10 -1 -1 -1 -1 -1 -1 -1 -1 -1 8 2 1 3 12 -1 -1 -1 7 0
-1 -1 5 -1 8 4 10 -1 -1 -1 2 3 -1 -1 -1 -1 -1 -1 -1 -1 -1 11 1 7 12 6 -1 -1 -1 9 0
-1 17 16 10 26 13 23 22 12 15 4 21 -1 -1 24 0 19 18 20 5 25 11 6 8 9 3 7 27 2 14 1
-1 -1 9 -1 12 8 4 -1 -1 -1 6 7 -1 -1 -1 -1 -1 -1 -1 -1 -1 1 2 10 5 3 -1 -1 -1 11 0
-1 -1 12 -1 3 8 5 -1 -1 -1 10 6 11 -1 -1 -1 -1 -1 -1 -1 -1 4 7 13 9 2 -1 -1 -1 1 0
-1 -1 10 -1 5 9 8 -1 -1 -1 2 3 -1 -1 -1 -1 -1 -1 -1 -1 -1 7 12 1 6 11 -1 -1 -1 4 0
-1 -1 12 -1 9 2 6 -1 -1 -1 1 10 -1 -1 -1 -1 -1 -1 -1 -1 -1 7 5 3 11 8 -1 -1 -1 4 0
-1 -1 7 -1 8 3 12 -1 -1 -1 10 11 -1 -1 -1 -1 -1 -1 -1 -1 -1 2 9 1 4 5 -1 -1 -1 6 0
-1 25 23 12 6 10 19 4 8 16 18 20 -1 -1 21 15 22 5 3 26 27 1 14 7 2 11 24 17 13 9 0
-1 22 19 13 10 2 16 18 11 17 14 8 -1 -1 27 26 21 24 20 4 25 9 0 7 23 15 3 12 6 5 1
-1 13 7 16 17 19 25 12 18 22 3 21 -1 -1 9 14 24 6 11 2 5 4 23 0 20 10 8 15 27 26 1
-1 -1 4 -1 2 10 13 -1 -1 -1 7 11 8 -1 -1 -1 -1 -1 -1 -1 -1 3 5 6 0 12 -1 -1 -1 9 1
-1 3 15 24 26 27 6 7 5 14 22 21 -1 -1 13 17 19 23 2 20 10 4 12 16 18 0 25 9 8 11 1
-1 -1 12 -1 4 10 1 -1 -1 -1 11 5 -1 -1 -1 -1 -1 -1 -1 -1 -1 2 3 7 6 8 -1 -1 -1 9 0
-1 -1 3 -1 4 13 2 -1 -1 -1 11 5 1 -1 -1 -1 -1 -1 -1 -1 -1 8 9 10 7 12 -1 -1 -1 6 0
-1 9 12 26 5 10 16 22 19 14 25 17 -1 -1 24 11 15 18 23 4 13 20 7 8 3 21 6 2 0 27 1
-1 -1 2 -1 3 6 10 -1 -1 -1 7 9 -1 -1 -1 -1 -1 -1 -1 -1 -1 12 11 4 8 5 -1 -1 -1 1 0
