30
3
A A O O A B O O A O O O O O O O O O O O O A A O A A A O A O
O O A A A A O B O B A O A A O A A O O A A O A O O A O O A A
AB O A
0 1 2 3 4 5 6 8 10 11 12 13 14 15 16 17 18 19 20 21 22 23 24 25 26 27 28 29
0 1 2 3 4 5 6 8 10 11 12 13 14 15 16 17 18 19 20 21 22 23 24 25 26 27 28 29
0 1 6 8 11 14 17 18 21 23 24 26 27
0 1 6 8 11 14 17 18 21 23 24 26 27
0 1 2 3 4 5 6 8 10 11 12 13 14 15 16 17 18 19 20 21 22 23 24 25 26 27 28 29
0 1 6 7 8 9 11 14 17 18 21 23 24 26 27
0 1 6 8 11 14 17 18 21 23 24 26 27
0 1 6 8 11 14 17 18 21 23 24 26 27
0 1 2 3 4 5 6 8 10 11 12 13 14 15 16 17 18 19 20 21 22 23 24 25 26 27 28 29
0 1 6 8 11 14 17 18 21 23 24 26 27
0 1 6 8 11 14 17 18 21 23 24 26 27
0 1 6 8 11 14 17 18 21 23 24 26 27
0 1 6 8 11 14 17 18 21 23 24 26 27
0 1 6 8 11 14 17 18 21 23 24 26 27
0 1 6 8 11 14 17 18 21 23 24 26 27
0 1 6 8 11 14 17 18 21 23 24 26 27
0 1 6 8 11 14 17 18 21 23 24 26 27
0 1 6 8 11 14 17 18 21 23 24 26 27
0 1 6 8 11 14 17 18 21 23 24 26 27
0 1 6 8 11 14 17 18 21 23 24 26 27
0 1 6 8 11 14 17 18 21 23 24 26 27
0 1 2 3 4 5 6 8 10 11 12 13 14 15 16 17 18 19 20 21 22 23 24 25 26 27 28 29
0 1 2 3 4 5 6 8 10 11 12 13 14 15 16 17 18 19 20 21 22 23 24 25 26 27 28 29
0 1 6 8 11 14 17 18 21 23 24 26 27
0 1 2 3 4 5 6 8 10 11 12 13 14 15 16 17 18 19 20 21 22 23 24 25 26 27 28 29
0 1 2 3 4 5 6 8 10 11 12 13 14 15 16 17 18 19 20 21 22 23 24 25 26 27 28 29
0 1 2 3 4 5 6 8 10 11 12 13 14 15 16 17 18 19 20 21 22 23 24 25 26 27 28 29
0 1 6 8 11 14 17 18 21 23 24 26 27
0 1 2 3 4 5 6 8 10 11 12 13 14 15 16 17 18 19 20 21 22 23 24 25 26 27 28 29
0 1 6 8 11 14 17 18 21 23 24 26 27
0 5 18 11 9 12 19 -1 20 -1 23 7 27 21 2 16 14 17 26 25 3 13 4 15 24 6 28 8 10 22 1
23 0 28 20 24 10 26 -1 11 -1 4 3 6 12 27 13 16 15 7 21 18 17 14 2 5 8 19 9 25 22 1
11 3 -1 -1 -1 -1 7 -1 8 -1 -1 6 -1 -1 10 -1 -1 4 2 -1 -1 9 -1 13 12 -1 5 1 -1 -1 0
8 10 -1 -1 -1 -1 9 -1 7 -1 -1 11 -1 -1 4 -1 -1 5 12 -1 -1 6 -1 13 2 -1 3 1 -1 -1 0
25 14 20 3 1 17 23 -1 18 -1 9 2 22 15 10 26 6 12 24 7 11 13 21 28 19 8 5 4 16 27 0
4 8 -1 -1 -1 -1 1 9 12 3 -1 11 -1 -1 5 -1 -1 6 10 -1 -1 13 -1 2 7 -1 14 15 -1 -1 0
10 2 -1 -1 -1 -1 1 -1 4 -1 -1 8 -1 -1 12 -1 -1 11 6 -1 -1 13 -1 5 9 -1 3 7 -1 -1 0
6 11 -1 -1 -1 -1 5 -1 1 -1 -1 12 -1 -1 10 -1 -1 7 2 -1 -1 4 -1 8 3 -1 13 9 -1 -1 0
28 13 5 11 21 22 17 -1 0 -1 23 12 25 10 27 14 6 2 26 7 19 4 16 18 8 20 15 24 3 9 1
1 10 -1 -1 -1 -1 8 -1 9 -1 -1 4 -1 -1 3 -1 -1 6 5 -1 -1 2 -1 13 12 -1 7 11 -1 -1 0
10 9 -1 -1 -1 -1 13 -1 8 -1 -1 4 -1 -1 2 -1 -1 5 3 -1 -1 1 -1 6 7 -1 12 11 -1 -1 0
9 10 -1 -1 -1 -1 7 -1 8 -1 -1 1 -1 -1 2 -1 -1 6 3 -1 -1 12 -1 5 13 -1 11 4 -1 -1 0
11 8 -1 -1 -1 -1 6 -1 3 -1 -1 13 -1 -1 9 -1 -1 1 12 -1 -1 2 -1 7 5 -1 4 10 -1 -1 0
1 9 -1 -1 -1 -1 13 -1 7 -1 -1 4 -1 -1 10 -1 -1 11 3 -1 -1 6 -1 12 5 -1 2 8 -1 -1 0
6 10 -1 -1 -1 -1 2 -1 4 -1 -1 9 -1 -1 1 -1 -1 13 12 -1 -1 7 -1 8 3 -1 5 11 -1 -1 0
1 6 -1 -1 -1 -1 5 -1 10 -1 -1 11 -1 -1 4 -1 -1 12 8 -1 -1 9 -1 3 2 -1 13 7 -1 -1 0
10 1 -1 -1 -1 -1 9 -1 11 -1 -1 3 -1 -1 7 -1 -1 5 2 -1 -1 13 -1 12 4 -1 6 8 -1 -1 0
3 11 -1 -1 -1 -1 6 -1 10 -1 -1 13 -1 -1 2 -1 -1 0 4 -1 -1 8 -1 7 5 -1 9 12 -1 -1 1
8 7 -1 -1 -1 -1 9 -1 3 -1 -1 2 -1 -1 13 -1 -1 10 0 -1 -1 11 -1 4 6 -1 12 5 -1 -1 1
12 13 -1 -1 -1 -1 10 -1 1 -1 -1 5 -1 -1 2 -1 -1 11 9 -1 -1 8 -1 6 4 -1 7 3 -1 -1 0
7 3 -1 -1 -1 -1 10 -1 13 -1 -1 5 -1 -1 8 -1 -1 12 4 -1 -1 1 -1 11 2 -1 6 9 -1 -1 0
23 20 26 9 16 22 28 -1 3 -1 7 24 12 5 18 2 13 8 6 19 15 1 25 11 21 17 14 27 4 10 0
3 17 10 14 6 24 8 -1 28 -1 25 23 16 11 26 15 2 19 7 22 21 27 0 4 20 18 5 12 9 13 1
2 8 -1 -1 -1 -1 3 -1 10 -1 -1 6 -1 -1 9 -1 -1 11 12 -1 -1 4 -1 0 7 -1 5 13 -1 -1 1
17 15 25 12 23 5 11 -1 18 -1 27 4 21 10 16 9 19 13 3 20 7 2 6 26 1 14 24 8 28 22 0
19 27 18 4 28 8 24 -1 17 -1 9 7 25 3 11 20 12 23 16 22 26 10 2 5 13 0 21 6 14 15 1
8 3 4 26 14 9 23 -1 16 -1 24 5 21 2 18 17 12 10 7 13 20 22 11 27 6 25 0 15 28 19 1
10 3 -1 -1 -1 -1 6 -1 8 -1 -1 12 -1 -1 7 -1 -1 4 9 -1 -1 2 -1 13 5 -1 11 1 -1 -1 0
4 13 8 24 18 17 12 -1 25 -1 6 10 23 3 16 22 7 20 28 21 15 19 27 26 9 2 5 14 0 11 1
13 10 -1 -1 -1 -1 12 -1 5 -1 -1 6 -1 -1 1 -1 -1 2 7 -1 -1 9 -1 3 8 -1 4 11 -1 -1 0
