30
3
AB O O O O A O O A A B A O A AB A O A A A O O O A O O A O B A
B O O O B A AB O A O O B A A A A A B A O O A O A O O A B A A
O O O
0 1 2 3 4 5 6 7 8 9 10 11 12 13 14 15 16 17 18 19 20 21 22 23 24 25 26 27 28 29
1 2 3 7 9 10 19 20 22 24 25
1 2 3 7 9 10 19 20 22 24 25
1 2 3 7 9 10 19 20 22 24 25
1 2 3 7 9 10 19 20 22 24 25
1 2 3 5 7 8 9 10 12 13 14 15 16 18 19 20 21 22 23 24 25 26 28 29
1 2 3 7 9 10 19 20 22 24 25
1 2 3 7 9 10 19 20 22 24 25
1 2 3 5 7 8 9 10 12 13 14 15 16 18 19 20 21 22 23 24 25 26 28 29
1 2 3 5 7 8 9 10 12 13 14 15 16 18 19 20 21 22 23 24 25 26 28 29
0 1 2 3 4 7 9 10 11 17 19 20 22 24 25 27
1 2 3 5 7 8 9 10 12 13 14 15 16 18 19 20 21 22 23 24 25 26 28 29
1 2 3 7 9 10 19 20 22 24 25
1 2 3 5 7 8 9 10 12 13 14 15 16 18 19 20 21 22 23 24 25 26 28 29
0 1 2 3 4 5 6 7 8 9 10 11 12 13 14 15 16 17 18 19 20 21 22 23 24 25 26 27 28 29
1 2 3 5 7 8 9 10 12 13 14 15 16 18 19 20 21 22 23 24 25 26 28 29
1 2 3 7 9 10 19 20 22 24 25
1 2 3 5 7 8 9 10 12 13 14 15 16 18 19 20 21 22 23 24 25 26 28 29
1 2 3 5 7 8 9 10 12 13 14 15 16 18 19 20 21 22 23 24 25 26 28 29
1 2 3 5 7 8 9 10 12 13 14 15 16 18 19 20 21 22 23 24 25 26 28 29
1 2 3 7 9 10 19 20 22 24 25
1 2 3 7 9 10 19 20 22 24 25
1 2 3 7 9 10 19 20 22 24 25
1 2 3 5 7 8 9 10 12 13 14 15 16 18 19 20 21 22 23 24 25 26 28 29
1 2 3 7 9 10 19 20 22 24 25
1 2 3 7 9 10 19 20 22 24 25
1 2 3 5 7 8 9 10 12 13 14 15 16 18 19 20 21 22 23 24 25 26 28 29
1 2 3 7 9 10 19 20 22 24 25
0 1 2 3 4 7 9 10 11 17 19 20 22 24 25 27
1 2 3 5 7 8 9 10 12 13 14 15 16 18 19 20 21 22 23 24 25 26 28 29
-1 17 23 4 24 6 20 12 28 22 1 8 29 25 16 10 15 30 27 2 13 26 18 21 9 3 14 11 5 19 0
-1 -1 10 5 -1 -1 -1 4 -1 9 2 -1 -1 -1 -1 -1 -1 -1 -1 8 7 -1 6 -1 3 1 -1 -1 -1 -1 0
-1 2 -1 3 -1 -1 -1 7 -1 8 6 -1 -1 -1 -1 -1 -1 -1 -1 11 10 -1 9 -1 4 1 -1 -1 -1 -1 0
-1 8 5 -1 -1 -1 -1 2 -1 10 6 -1 -1 -1 -1 -1 -1 -1 -1 7 9 -1 4 -1 1 3 -1 -1 -1 -1 0
-1 9 7 2 1 -1 -1 6 -1 10 8 -1 -1 -1 -1 -1 -1 -1 -1 4 11 -1 12 -1 3 5 -1 -1 -1 -1 0
-1 11 6 14 -1 -1 -1 20 22 3 2 -1 16 24 17 5 15 -1 1 19 18 4 21 12 9 13 23 -1 7 10 0
-1 9 7 3 -1 -1 1 8 -1 12 6 -1 -1 -1 -1 -1 -1 -1 -1 5 11 -1 10 -1 2 4 -1 -1 -1 -1 0
-1 7 5 6 -1 -1 -1 -1 -1 11 1 -1 -1 -1 -1 -1 -1 -1 -1 8 3 -1 10 -1 4 2 -1 -1 -1 -1 0
-1 18 15 22 -1 5 -1 19 -1 17 3 -1 23 13 12 2 14 -1 1 7 16 9 8 4 11 24 20 -1 10 21 0
-1 23 24 21 -1 1 -1 3 2 -1 14 -1 6 15 17 18 5 -1 10 22 20 4 7 19 13 16 9 -1 11 12 0
12 14 5 11 7 -1 -1 16 -1 9 -1 1 -1 -1 -1 -1 -1 8 -1 15 6 -1 10 -1 2 13 -1 3 -1 -1 0
-1 14 20 25 -1 12 -1 17 9 18 4 1 5 23 22 11 21 -1 7 15 19 2 8 13 10 24 6 -1 16 3 0
-1 12 11 3 -1 -1 -1 7 -1 5 10 -1 1 -1 -1 -1 -1 -1 -1 2 9 -1 4 -1 6 8 -1 -1 -1 -1 0
-1 21 17 8 -1 20 -1 19 11 1 22 -1 13 -1 2 4 5 -1 15 16 10 14 23 9 3 12 24 -1 7 18 0
18 14 23 28 15 5 16 4 12 13 8 3 20 10 -1 29 26 17 7 2 27 22 30 21 11 1 9 24 25 19 0
-1 13 3 20 -1 21 -1 24 8 11 18 -1 2 5 9 -1 12 -1 7 14 4 17 15 10 22 23 6 -1 19 16 0
-1 11 8 4 -1 -1 -1 5 -1 10 12 -1 -1 -1 -1 -1 1 -1 -1 6 9 -1 3 -1 7 2 -1 -1 -1 -1 0
-1 9 19 22 -1 15 -1 6 5 14 25 -1 20 21 2 23 8 0 17 18 10 12 7 3 24 11 13 -1 16 4 1
-1 22 18 21 -1 16 -1 17 7 19 13 -1 1 9 5 8 23 -1 -1 10 11 24 14 15 3 12 20 -1 4 2 0
-1 22 1 10 -1 19 -1 12 2 15 7 -1 16 8 17 5 6 -1 14 -1 23 24 18 9 20 4 13 -1 3 11 0
-1 7 11 3 -1 -1 -1 8 -1 9 10 -1 -1 -1 -1 -1 -1 -1 -1 2 -1 -1 6 -1 5 4 -1 -1 -1 -1 0
-1 6 4 7 -1 -1 -1 2 -1 12 10 -1 -1 -1 -1 -1 -1 -1 -1 11 8 0 5 -1 9 3 -1 -1 -1 -1 1
-1 8 6 9 -1 -1 -1 1 -1 2 11 -1 -1 -1 -1 -1 -1 -1 -1 4 10 -1 -1 -1 7 5 -1 -1 -1 -1 0
-1 11 3 19 -1 18 -1 13 23 24 22 -1 14 12 5 1 6 -1 4 21 9 17 16 -1 7 8 15 -1 10 20 0
-1 11 7 10 -1 -1 -1 4 -1 1 6 -1 -1 -1 -1 -1 -1 -1 -1 8 5 -1 2 -1 -1 9 -1 -1 -1 -1 0
-1 1 8 7 -1 -1 -1 2 -1 10 4 -1 -1 -1 -1 -1 -1 -1 -1 5 9 -1 6 -1 3 -1 -1 -1 -1 -1 0
-1 11 16 3 -1 1 -1 13 20 19 14 -1 6 21 8 15 12 -1 24 22 5 7 9 18 4 2 -1 -1 10 17 0
-1 7 3 10 -1 -1 -1 4 -1 2 8 -1 -1 -1 -1 -1 -1 -1 -1 12 6 -1 9 -1 5 11 -1 0 -1 -1 1
13 11 3 15 17 -1 -1 2 -1 5 4 10 -1 -1 -1 -1 -1 8 -1 9 16 -1 12 -1 6 7 -1 14 1 -1 0
-1 8 4 17 -1 20 -1 18 5 13 11 -1 2 21 16 12 22 -1 19 24 23 10 9 6 15 3 14 -1 1 -1 0
