30
3
O A O A A O O A O O O O A A O O A B O O A A O A O A A O O O
O O A O O AB AB A O O A B O A O B O O AB A B B O O O O A AB O B
A A O
0 1 3 4 8 9 12 14 16 17 22 23 24 25 28
0 1 2 3 4 7 8 9 10 12 13 14 16 17 19 22 23 24 25 26 28
0 1 3 4 8 9 12 14 16 17 22 23 24 25 28
0 1 2 3 4 7 8 9 10 12 13 14 16 17 19 22 23 24 25 26 28
0 1 2 3 4 7 8 9 10 12 13 14 16 17 19 22 23 24 25 26 28
0 1 3 4 8 9 12 14 16 17 22 23 24 25 28
0 1 3 4 8 9 12 14 16 17 22 23 24 25 28
0 1 2 3 4 7 8 9 10 12 13 14 16 17 19 22 23 24 25 26 28
0 1 3 4 8 9 12 14 16 17 22 23 24 25 28
0 1 3 4 8 9 12 14 16 17 22 23 24 25 28
0 1 3 4 8 9 12 14 16 17 22 23 24 25 28
0 1 3 4 8 9 12 14 16 17 22 23 24 25 28
0 1 2 3 4 7 8 9 10 12 13 14 16 17 19 22 23 24 25 26 28
0 1 2 3 4 7 8 9 10 12 13 14 16 17 19 22 23 24 25 26 28
0 1 3 4 8 9 12 14 16 17 22 23 24 25 28
0 1 3 4 8 9 12 14 16 17 22 23 24 25 28
0 1 2 3 4 7 8 9 10 12 13 14 16 17 19 22 23 24 25 26 28
0 1 3 4 8 9 11 12 14 15 16 17 20 21 22 23 24 25 28 29
0 1 3 4 8 9 12 14 16 17 22 23 24 25 28
0 1 3 4 8 9 12 14 16 17 22 23 24 25 28
0 1 2 3 4 7 8 9 10 12 13 14 16 17 19 22 23 24 25 26 28
0 1 2 3 4 7 8 9 10 12 13 14 16 17 19 22 23 24 25 26 28
0 1 3 4 8 9 12 14 16 17 22 23 24 25 28
0 1 2 3 4 7 8 9 10 12 13 14 16 17 19 22 23 24 25 26 28
0 1 3 4 8 9 12 14 16 17 22 23 24 25 28
0 1 2 3 4 7 8 9 10 12 13 14 16 17 19 22 23 24 25 26 28
0 1 2 3 4 7 8 9 10 12 13 14 16 17 19 22 23 24 25 26 28
0 1 3 4 8 9 12 14 16 17 22 23 24 25 28
0 1 3 4 8 9 12 14 16 17 22 23 24 25 28
0 1 3 4 8 9 12 14 16 17 22 23 24 25 28
1 12 -1 7 8 -1 -1 -1 10 2 -1 -1 11 -1 4 -1 13 15 -1 -1 -1 -1 3 5 14 9 -1 -1 6 -1 0
14 1 19 3 8 -1 -1 10 4 9 6 -1 21 15 11 -1 5 13 -1 16 -1 -1 7 18 12 17 2 -1 20 -1 0
12 8 -1 15 11 -1 -1 -1 14 10 -1 -1 6 -1 3 -1 5 1 -1 -1 -1 -1 9 2 13 7 -1 -1 4 -1 0
17 20 21 1 9 -1 -1 3 5 19 8 -1 2 6 16 -1 10 12 -1 4 -1 -1 7 15 13 18 14 -1 11 -1 0
3 17 9 11 1 -1 -1 18 16 5 8 -1 21 19 14 -1 2 20 -1 15 -1 -1 7 13 12 4 6 -1 10 -1 0
15 9 -1 12 6 -1 -1 -1 7 11 -1 -1 8 -1 13 -1 14 4 -1 -1 -1 -1 10 1 5 3 -1 -1 2 -1 0
11 8 -1 1 5 -1 -1 -1 2 6 -1 -1 3 -1 7 -1 13 14 -1 -1 -1 -1 15 10 4 9 -1 -1 12 -1 0
19 14 3 16 2 -1 -1 0 6 4 17 -1 20 12 10 -1 7 21 -1 11 -1 -1 13 5 9 15 18 -1 8 -1 1
3 9 -1 2 7 -1 -1 -1 0 12 -1 -1 4 -1 14 -1 11 6 -1 -1 -1 -1 13 10 8 5 -1 -1 15 -1 1
9 11 -1 7 14 -1 -1 -1 2 0 -1 -1 12 -1 13 -1 3 10 -1 -1 -1 -1 5 15 4 6 -1 -1 8 -1 1
6 9 -1 13 8 -1 -1 -1 2 5 -1 -1 7 -1 3 -1 15 11 -1 -1 -1 -1 1 10 12 14 -1 -1 4 -1 0
4 14 -1 12 8 -1 -1 -1 6 13 -1 -1 10 -1 9 -1 5 11 -1 -1 -1 -1 1 15 3 7 -1 -1 2 -1 0
15 20 14 19 9 -1 -1 13 5 12 21 -1 0 4 17 -1 6 11 -1 10 -1 -1 3 8 2 16 18 -1 7 -1 1
19 18 8 21 14 -1 -1 10 5 2 6 -1 12 1 7 -1 20 17 -1 13 -1 -1 16 9 3 15 4 -1 11 -1 0
2 4 -1 13 9 -1 -1 -1 3 6 -1 -1 11 -1 1 -1 14 15 -1 -1 -1 -1 12 7 5 8 -1 -1 10 -1 0
10 14 -1 8 3 -1 -1 -1 13 15 -1 -1 4 -1 2 -1 12 11 -1 -1 -1 -1 9 1 5 7 -1 -1 6 -1 0
11 3 19 21 12 -1 -1 13 2 8 6 -1 7 18 5 -1 1 16 -1 10 -1 -1 20 15 9 17 4 -1 14 -1 0
9 12 -1 10 17 -1 -1 -1 19 20 -1 6 5 -1 13 4 18 0 -1 -1 11 3 14 15 2 7 -1 -1 8 16 1
4 9 -1 12 1 -1 -1 -1 7 8 -1 -1 3 -1 2 -1 5 11 -1 -1 -1 -1 6 15 13 14 -1 -1 10 -1 0
2 15 -1 10 8 -1 -1 -1 13 14 -1 -1 1 -1 5 -1 4 11 -1 -1 -1 -1 12 9 6 3 -1 -1 7 -1 0
16 19 4 15 8 -1 -1 20 21 14 18 -1 7 10 9 -1 5 17 -1 12 -1 -1 11 6 3 2 13 -1 1 -1 0
4 16 9 15 11 -1 -1 13 7 1 6 -1 10 21 14 -1 17 12 -1 3 -1 -1 2 18 19 20 8 -1 5 -1 0
11 6 -1 15 9 -1 -1 -1 14 12 -1 -1 3 -1 7 -1 13 2 -1 -1 -1 -1 0 5 4 8 -1 -1 10 -1 1
7 11 3 17 4 -1 -1 9 21 18 15 -1 2 13 19 -1 6 10 -1 14 -1 -1 8 0 5 16 20 -1 12 -1 1
2 3 -1 13 7 -1 -1 -1 11 12 -1 -1 15 -1 10 -1 8 9 -1 -1 -1 -1 14 6 0 4 -1 -1 5 -1 1
9 12 14 16 18 -1 -1 2 20 4 8 -1 21 5 11 -1 17 13 -1 7 -1 -1 6 3 19 1 15 -1 10 -1 0
20 3 21 13 2 -1 -1 17 18 4 7 -1 14 10 12 -1 8 6 -1 16 -1 -1 11 15 5 9 0 -1 19 -1 1
15 9 -1 4 14 -1 -1 -1 5 10 -1 -1 8 -1 3 -1 6 13 -1 -1 -1 -1 2 11 7 1 -1 -1 12 -1 0
12 5 -1 13 3 -1 -1 -1 2 15 -1 -1 14 -1 4 -1 11 7 -1 -1 -1 -1 9 8 10 6 -1 -1 0 -1 1
5 12 -1 15 14 -1 -1 -1 10 11 -1 -1 1 -1 9 -1 2 13 -1 -1 -1 -1 4 3 7 8 -1 -1 6 -1 0
