30
3
O O A B O O O A O B A O O A A O A O O A A O O O B A A O O A
A O O O O B A A A O A A A O O O A A O B O O B A O O O B B O
A A B
1 2 3 4 9 13 14 15 18 20 21 24 25 26 29
1 2 3 4 9 13 14 15 18 20 21 24 25 26 29
0 1 2 3 4 6 7 8 9 10 11 12 13 14 15 16 17 18 20 21 23 24 25 26 29
1 2 3 4 5 9 13 14 15 18 19 20 21 22 24 25 26 27 28 29
1 2 3 4 9 13 14 15 18 20 21 24 25 26 29
1 2 3 4 9 13 14 15 18 20 21 24 25 26 29
1 2 3 4 9 13 14 15 18 20 21 24 25 26 29
0 1 2 3 4 6 7 8 9 10 11 12 13 14 15 16 17 18 20 21 23 24 25 26 29
1 2 3 4 9 13 14 15 18 20 21 24 25 26 29
1 2 3 4 5 9 13 14 15 18 19 20 21 22 24 25 26 27 28 29
0 1 2 3 4 6 7 8 9 10 11 12 13 14 15 16 17 18 20 21 23 24 25 26 29
1 2 3 4 9 13 14 15 18 20 21 24 25 26 29
1 2 3 4 9 13 14 15 18 20 21 24 25 26 29
0 1 2 3 4 6 7 8 9 10 11 12 13 14 15 16 17 18 20 21 23 24 25 26 29
0 1 2 3 4 6 7 8 9 10 11 12 13 14 15 16 17 18 20 21 23 24 25 26 29
1 2 3 4 9 13 14 15 18 20 21 24 25 26 29
0 1 2 3 4 6 7 8 9 10 11 12 13 14 15 16 17 18 20 21 23 24 25 26 29
1 2 3 4 9 13 14 15 18 20 21 24 25 26 29
1 2 3 4 9 13 14 15 18 20 21 24 25 26 29
0 1 2 3 4 6 7 8 9 10 11 12 13 14 15 16 17 18 20 21 23 24 25 26 29
0 1 2 3 4 6 7 8 9 10 11 12 13 14 15 16 17 18 20 21 23 24 25 26 29
1 2 3 4 9 13 14 15 18 20 21 24 25 26 29
1 2 3 4 9 13 14 15 18 20 21 24 25 26 29
1 2 3 4 9 13 14 15 18 20 21 24 25 26 29
1 2 3 4 5 9 13 14 15 18 19 20 21 22 24 25 26 27 28 29
0 1 2 3 4 6 7 8 9 10 11 12 13 14 15 16 17 18 20 21 23 24 25 26 29
0 1 2 3 4 6 7 8 9 10 11 12 13 14 15 16 17 18 20 21 23 24 25 26 29
1 2 3 4 9 13 14 15 18 20 21 24 25 26 29
1 2 3 4 9 13 14 15 18 20 21 24 25 26 29
0 1 2 3 4 6 7 8 9 10 11 12 13 14 15 16 17 18 20 21 23 24 25 26 29
1 15 3 9 14 -1 -1 -1 -1 12 -1 -1 -1 4 11 2 -1 -1 8 -1 13 6 -1 -1 7 10 16 -1 -1 5 0
-1 11 9 4 6 -1 -1 -1 -1 14 -1 -1 -1 1 8 12 -1 -1 7 -1 5 13 -1 -1 15 10 2 -1 -1 3 0
9 7 15 17 22 -1 25 10 23 2 1 3 19 14 4 16 8 13 5 -1 6 12 -1 18 20 24 11 -1 -1 21 0
-1 9 2 20 16 17 -1 -1 -1 5 -1 -1 -1 12 13 8 -1 -1 11 7 18 10 14 -1 19 1 4 3 6 15 0
-1 1 11 2 8 -1 -1 -1 -1 7 -1 -1 -1 9 15 13 -1 -1 10 -1 4 3 -1 -1 14 6 12 -1 -1 5 0
-1 8 9 16 4 0 -1 -1 -1 6 -1 -1 -1 2 5 11 -1 -1 13 -1 15 3 -1 -1 12 10 7 -1 -1 14 1
-1 8 9 6 15 -1 1 -1 -1 13 -1 -1 -1 16 12 14 -1 -1 4 -1 2 5 -1 -1 7 10 11 -1 -1 3 0
20 7 3 16 18 -1 22 8 2 5 10 15 1 9 25 11 6 24 23 -1 21 19 -1 4 13 14 12 -1 -1 17 0
-1 5 16 14 10 -1 -1 -1 1 3 -1 -1 -1 15 13 11 -1 -1 6 -1 4 9 -1 -1 7 2 12 -1 -1 8 0
-1 2 14 13 18 6 -1 -1 -1 15 -1 -1 -1 20 3 10 -1 -1 9 7 19 16 12 -1 17 8 5 11 4 1 0
25 17 5 16 8 -1 11 21 20 13 4 3 2 23 10 6 19 24 18 -1 7 1 -1 22 12 14 15 -1 -1 9 0
-1 5 11 4 7 -1 -1 -1 -1 6 -1 0 -1 13 9 10 -1 -1 8 -1 14 12 -1 -1 2 3 15 -1 -1 16 1
-1 14 6 10 3 -1 -1 -1 -1 7 -1 -1 0 13 9 11 -1 -1 16 -1 2 12 -1 -1 15 5 8 -1 -1 4 1
19 2 17 10 8 -1 3 11 15 18 5 22 6 1 12 16 21 13 7 -1 20 14 -1 24 23 4 9 -1 -1 25 0
19 22 18 14 12 -1 10 11 16 5 9 8 2 23 21 1 3 6 7 -1 4 25 -1 17 20 13 24 -1 -1 15 0
-1 12 7 10 15 -1 -1 -1 -1 13 -1 -1 -1 14 5 6 -1 -1 9 -1 3 4 -1 -1 11 1 2 -1 -1 8 0
2 20 9 19 21 -1 3 6 24 25 7 11 10 4 13 15 5 12 22 -1 23 16 -1 18 1 17 14 -1 -1 8 0
-1 4 15 3 13 -1 -1 -1 -1 8 -1 -1 -1 14 6 7 -1 0 10 -1 12 5 -1 -1 9 16 2 -1 -1 11 1
-1 3 15 4 2 -1 -1 -1 -1 5 -1 -1 -1 9 1 6 -1 -1 13 -1 12 8 -1 -1 14 10 11 -1 -1 7 0
20 21 16 10 12 -1 11 5 19 17 26 18 23 7 25 22 9 14 2 0 8 3 -1 24 13 15 6 -1 -1 4 1
13 8 16 2 3 -1 18 24 20 10 4 23 14 9 12 7 11 21 15 -1 17 22 -1 1 25 5 6 -1 -1 19 0
-1 7 1 5 15 -1 -1 -1 -1 3 -1 -1 -1 4 9 11 -1 -1 12 -1 2 14 -1 -1 6 10 13 -1 -1 8 0
-1 10 7 6 2 -1 -1 -1 -1 3 -1 -1 -1 14 12 16 -1 -1 4 -1 13 11 0 -1 5 9 8 -1 -1 15 1
-1 4 8 13 7 -1 -1 -1 -1 6 -1 -1 -1 5 14 3 -1 -1 12 -1 10 2 -1 1 15 16 9 -1 -1 11 0
-1 3 6 2 16 8 -1 -1 -1 1 -1 -1 -1 9 4 13 -1 -1 18 12 10 17 7 -1 5 11 14 19 15 20 0
20 12 3 9 2 -1 1 4 17 10 13 16 8 7 18 5 23 19 25 -1 21 22 -1 15 14 11 6 -1 -1 24 0
21 16 8 4 17 -1 10 11 13 20 9 22 18 25 19 14 1 15 7 -1 12 24 -1 2 3 5 6 -1 -1 23 0
-1 14 5 2 10 -1 -1 -1 -1 12 -1 -1 -1 15 7 16 -1 -1 9 -1 8 4 -1 -1 6 3 13 0 -1 11 1
-1 7 11 15 16 -1 -1 -1 -1 5 -1 -1 -1 4 10 2 -1 -1 3 -1 12 9 -1 -1 13 6 8 -1 0 14 1
14 22 23 19 20 -1 11 7 3 9 4 21 15 12 16 13 24 10 18 -1 1 25 -1 6 5 2 17 -1 -1 8 0
