30
3
O A AB O A A O O O O A O A O A A A O O O A O A A O O A A O B
A O O A O A O A O O B A A A O A A B A O O O O A A O O B O B
O O A
1 2 4 6 8 9 14 19 20 21 22 25 26 28
0 1 2 3 4 5 6 7 8 9 11 12 13 14 15 16 18 19 20 21 22 23 24 25 26 28
0 1 2 3 4 5 6 7 8 9 10 11 12 13 14 15 16 17 18 19 20 21 22 23 24 25 26 27 28 29
1 2 4 6 8 9 14 19 20 21 22 25 26 28
0 1 2 3 4 5 6 7 8 9 11 12 13 14 15 16 18 19 20 21 22 23 24 25 26 28
0 1 2 3 4 5 6 7 8 9 11 12 13 14 15 16 18 19 20 21 22 23 24 25 26 28
1 2 4 6 8 9 14 19 20 21 22 25 26 28
1 2 4 6 8 9 14 19 20 21 22 25 26 28
1 2 4 6 8 9 14 19 20 21 22 25 26 28
1 2 4 6 8 9 14 19 20 21 22 25 26 28
0 1 2 3 4 5 6 7 8 9 11 12 13 14 15 16 18 19 20 21 22 23 24 25 26 28
1 2 4 6 8 9 14 19 20 21 22 25 26 28
0 1 2 3 4 5 6 7 8 9 11 12 13 14 15 16 18 19 20 21 22 23 24 25 26 28
1 2 4 6 8 9 14 19 20 21 22 25 26 28
0 1 2 3 4 5 6 7 8 9 11 12 13 14 15 16 18 19 20 21 22 23 24 25 26 28
0 1 2 3 4 5 6 7 8 9 11 12 13 14 15 16 18 19 20 21 22 23 24 25 26 28
0 1 2 3 4 5 6 7 8 9 11 12 13 14 15 16 18 19 20 21 22 23 24 25 26 28
1 2 4 6 8 9 14 19 20 21 22 25 26 28
1 2 4 6 8 9 14 19 20 21 22 25 26 28
1 2 4 6 8 9 14 19 20 21 22 25 26 28
0 1 2 3 4 5 6 7 8 9 11 12 13 14 15 16 18 19 20 21 22 23 24 25 26 28
1 2 4 6 8 9 14 19 20 21 22 25 26 28
0 1 2 3 4 5 6 7 8 9 11 12 13 14 15 16 18 19 20 21 22 23 24 25 26 28
0 1 2 3 4 5 6 7 8 9 11 12 13 14 15 16 18 19 20 21 22 23 24 25 26 28
1 2 4 6 8 9 14 19 20 21 22 25 26 28
1 2 4 6 8 9 14 19 20 21 22 25 26 28
0 1 2 3 4 5 6 7 8 9 11 12 13 14 15 16 18 19 20 21 22 23 24 25 26 28
0 1 2 3 4 5 6 7 8 9 11 12 13 14 15 16 18 19 20 21 22 23 24 25 26 28
1 2 4 6 8 9 14 19 20 21 22 25 26 28
1 2 4 6 8 9 10 14 17 19 20 21 22 25 26 27 28 29
-1 10 12 -1 9 -1 2 -1 6 13 -1 -1 -1 -1 11 -1 -1 -1 -1 14 8 3 5 -1 -1 4 7 -1 1 -1 0
16 0 22 19 5 8 2 25 15 11 -1 24 14 6 21 26 10 -1 4 17 7 12 13 18 20 3 23 -1 9 -1 1
30 23 0 26 14 11 13 12 28 6 10 17 24 21 22 15 7 5 27 16 29 4 25 20 8 9 18 19 3 2 1
-1 12 10 -1 9 -1 1 -1 2 7 -1 -1 -1 -1 8 -1 -1 -1 -1 14 13 3 11 -1 -1 6 5 -1 4 -1 0
4 7 10 18 0 12 23 6 9 17 -1 5 14 16 22 13 15 -1 24 25 21 11 19 3 20 2 26 -1 8 -1 1
8 13 21 3 20 0 14 22 25 19 -1 7 23 4 16 17 9 -1 2 11 24 6 10 15 26 5 18 -1 12 -1 1
-1 7 12 -1 9 -1 0 -1 6 8 -1 -1 -1 -1 4 -1 -1 -1 -1 3 11 10 14 -1 -1 2 13 -1 5 -1 1
-1 9 14 -1 7 -1 5 -1 2 6 -1 -1 -1 -1 11 -1 -1 -1 -1 12 4 3 13 -1 -1 10 8 -1 1 -1 0
-1 10 7 -1 14 -1 8 -1 1 2 -1 -1 -1 -1 11 -1 -1 -1 -1 6 12 5 3 -1 -1 13 4 -1 9 -1 0
-1 7 5 -1 10 -1 2 -1 12 0 -1 -1 -1 -1 9 -1 -1 -1 -1 14 4 8 6 -1 -1 13 3 -1 11 -1 1
4 11 9 26 14 21 8 24 5 3 -1 6 15 10 16 17 13 -1 25 19 22 1 7 12 18 20 23 -1 2 -1 0
-1 5 2 -1 3 -1 9 -1 12 8 -1 -1 -1 -1 11 -1 -1 -1 -1 13 7 4 1 -1 -1 14 10 -1 6 -1 0
19 26 20 10 6 24 3 22 5 9 -1 17 1 4 7 11 15 -1 12 18 14 25 8 13 23 2 16 -1 21 -1 0
-1 4 11 -1 10 -1 8 -1 14 13 -1 -1 -1 -1 5 -1 -1 -1 -1 3 1 9 12 -1 -1 6 2 -1 7 -1 0
18 11 7 5 10 13 9 16 24 26 -1 20 17 25 1 15 3 -1 19 2 21 22 6 14 8 12 4 -1 23 -1 0
14 16 25 17 6 10 2 8 13 18 -1 3 26 24 4 0 19 -1 9 22 5 23 7 21 20 12 11 -1 15 -1 1
26 15 9 7 5 23 14 24 13 16 -1 17 2 8 12 3 0 -1 21 11 25 18 6 4 20 22 10 -1 19 -1 1
-1 13 12 -1 5 -1 8 -1 3 10 -1 -1 -1 -1 7 -1 -1 -1 -1 4 1 11 9 -1 -1 14 2 -1 6 -1 0
-1 11 10 -1 6 -1 8 -1 7 2 -1 -1 -1 -1 5 -1 -1 -1 -1 4 1 9 13 -1 -1 12 3 -1 14 -1 0
-1 13 4 -1 7 -1 6 -1 14 3 -1 -1 -1 -1 9 -1 -1 -1 -1 0 2 11 5 -1 -1 12 8 -1 10 -1 1
25 5 20 15 9 17 8 23 24 14 -1 3 21 16 13 10 26 -1 12 4 0 22 2 6 11 18 19 -1 7 -1 1
-1 8 6 -1 5 -1 14 -1 4 2 -1 -1 -1 -1 13 -1 -1 -1 -1 9 3 0 11 -1 -1 10 12 -1 7 -1 1
24 19 17 22 15 2 3 11 13 23 -1 10 8 14 12 18 6 -1 5 26 25 21 1 7 9 16 4 -1 20 -1 0
11 22 9 8 4 7 19 25 17 24 -1 12 3 6 18 26 20 -1 14 16 23 15 5 0 13 2 21 -1 10 -1 1
-1 6 1 -1 5 -1 13 -1 4 12 -1 -1 -1 -1 11 -1 -1 -1 -1 9 2 7 10 -1 -1 3 14 -1 8 -1 0
-1 14 8 -1 4 -1 13 -1 10 3 -1 -1 -1 -1 2 -1 -1 -1 -1 12 11 5 6 -1 -1 1 7 -1 9 -1 0
6 10 11 26 17 14 8 12 25 3 -1 4 23 7 21 24 13 -1 2 19 9 15 16 22 5 20 0 -1 18 -1 1
17 25 21 9 1 26 12 14 22 6 -1 19 8 4 16 2 5 -1 18 3 11 20 13 23 7 15 10 -1 24 -1 0
-1 5 3 -1 4 -1 14 -1 7 8 -1 -1 -1 -1 2 -1 -1 -1 -1 13 10 9 12 -1 -1 11 6 -1 1 -1 0
-1 18 10 -1 9 -1 11 -1 7 3 2 -1 -1 -1 16 -1 -1 4 -1 13 6 5 12 -1 -1 8 15 17 14 1 0
