30
3
A A O A A A O B O O O A A AB A O AB A O O O A O A O A O A A A
O O A AB O O A O A O A A O O AB O B O AB A O O O A A O O O A A
O A A
0 1 2 4 5 6 7 8 9 10 11 12 13 15 17 19 20 21 22 23 24 25 26 27 28 29
0 1 2 4 5 6 7 8 9 10 11 12 13 15 17 19 20 21 22 23 24 25 26 27 28 29
0 1 4 5 7 9 12 13 15 17 20 21 22 25 26 27
0 1 2 4 5 6 7 8 9 10 11 12 13 15 17 19 20 21 22 23 24 25 26 27 28 29
0 1 2 4 5 6 7 8 9 10 11 12 13 15 17 19 20 21 22 23 24 25 26 27 28 29
0 1 2 4 5 6 7 8 9 10 11 12 13 15 17 19 20 21 22 23 24 25 26 27 28 29
0 1 4 5 7 9 12 13 15 17 20 21 22 25 26 27
0 1 4 5 7 9 12 13 15 16 17 20 21 22 25 26 27
0 1 4 5 7 9 12 13 15 17 20 21 22 25 26 27
0 1 4 5 7 9 12 13 15 17 20 21 22 25 26 27
0 1 4 5 7 9 12 13 15 17 20 21 22 25 26 27
0 1 2 4 5 6 7 8 9 10 11 12 13 15 17 19 20 21 22 23 24 25 26 27 28 29
0 1 2 4 5 6 7 8 9 10 11 12 13 15 17 19 20 21 22 23 24 25 26 27 28 29
0 1 2 3 4 5 6 7 8 9 10 11 12 13 14 15 16 17 18 19 20 21 22 23 24 25 26 27 28 29
0 1 2 4 5 6 7 8 9 10 11 12 13 15 17 19 20 21 22 23 24 25 26 27 28 29
0 1 4 5 7 9 12 13 15 17 20 21 22 25 26 27
0 1 2 3 4 5 6 7 8 9 10 11 12 13 14 15 16 17 18 19 20 21 22 23 24 25 26 27 28 29
0 1 2 4 5 6 7 8 9 10 11 12 13 15 17 19 20 21 22 23 24 25 26 27 28 29
0 1 4 5 7 9 12 13 15 17 20 21 22 25 26 27
0 1 4 5 7 9 12 13 15 17 20 21 22 25 26 27
0 1 4 5 7 9 12 13 15 17 20 21 22 25 26 27
0 1 2 4 5 6 7 8 9 10 11 12 13 15 17 19 20 21 22 23 24 25 26 27 28 29
0 1 4 5 7 9 12 13 15 17 20 21 22 25 26 27
0 1 2 4 5 6 7 8 9 10 11 12 13 15 17 19 20 21 22 23 24 25 26 27 28 29
0 1 4 5 7 9 12 13 15 17 20 21 22 25 26 27
0 1 2 4 5 6 7 8 9 10 11 12 13 15 17 19 20 21 22 23 24 25 26 27 28 29
0 1 4 5 7 9 12 13 15 17 20 21 22 25 26 27
0 1 2 4 5 6 7 8 9 10 11 12 13 15 17 19 20 21 22 23 24 25 26 27 28 29
0 1 2 4 5 6 7 8 9 10 11 12 13 15 17 19 20 21 22 23 24 25 26 27 28 29
0 1 2 4 5 6 7 8 9 10 11 12 13 15 17 19 20 21 22 23 24 25 26 27 28 29
-1 14 21 -1 26 15 24 18 19 7 16 13 25 8 -1 17 -1 22 -1 2 11 1 4 12 9 10 5 23 3 20 0
26 -1 7 -1 6 8 21 1 15 3 16 12 9 25 -1 11 -1 24 -1 18 19 14 17 20 4 13 10 2 22 23 0
15 9 0 -1 12 3 -1 11 -1 14 -1 -1 6 16 -1 4 -1 13 -1 -1 7 10 8 -1 -1 17 2 5 -1 -1 1
8 15 21 0 5 3 16 4 6 20 2 11 24 23 -1 17 -1 22 -1 14 18 19 7 9 27 13 25 10 26 12 1
23 5 16 -1 -1 15 14 22 26 1 11 3 24 2 -1 4 -1 18 -1 13 8 25 20 10 6 12 9 19 7 17 0
23 1 16 -1 20 -1 7 5 17 10 11 14 25 24 -1 22 -1 6 -1 8 4 2 13 3 19 9 21 26 18 12 0
6 13 -1 -1 4 15 1 17 -1 14 -1 -1 10 9 -1 8 -1 5 -1 -1 7 11 12 -1 -1 3 2 16 -1 -1 0
8 1 -1 -1 17 12 -1 -1 -1 16 -1 -1 10 5 -1 3 15 2 -1 -1 6 13 7 -1 -1 9 4 14 -1 -1 0
16 11 -1 -1 6 3 -1 5 0 13 -1 -1 8 2 -1 14 -1 4 -1 -1 7 9 10 -1 -1 12 15 17 -1 -1 1
14 15 -1 -1 7 11 -1 9 -1 -1 -1 -1 2 1 -1 8 -1 6 -1 -1 16 4 5 -1 -1 13 10 12 -1 -1 0
9 3 -1 -1 4 17 -1 6 -1 14 1 -1 8 15 -1 10 -1 11 -1 -1 13 7 12 -1 -1 2 16 5 -1 -1 0
10 26 2 -1 13 6 1 17 22 23 18 -1 3 19 -1 16 -1 21 -1 8 25 14 7 24 11 9 4 20 15 5 0
18 7 3 -1 14 19 13 21 26 5 10 25 -1 1 -1 23 -1 11 -1 17 24 8 2 9 15 20 4 6 22 12 0
11 15 5 12 14 8 10 21 17 13 19 4 16 -1 29 7 28 9 23 22 25 20 3 18 26 27 1 2 6 30 0
12 25 21 -1 3 22 11 18 16 13 19 23 9 8 1 14 -1 4 -1 26 5 27 20 15 7 17 6 24 2 10 0
8 4 -1 -1 15 3 -1 12 -1 10 -1 -1 14 6 -1 -1 -1 9 -1 -1 16 11 5 -1 -1 1 2 13 -1 -1 0
29 7 5 20 26 30 24 4 18 6 15 17 16 11 12 9 -1 25 1 27 21 14 28 2 23 19 8 3 10 22 0
3 6 23 -1 18 25 8 26 17 1 10 14 22 7 -1 11 -1 -1 -1 5 4 20 2 16 9 12 13 21 19 24 0
2 15 -1 -1 9 13 -1 7 -1 4 -1 -1 6 5 -1 12 -1 10 0 -1 11 16 14 -1 -1 3 8 17 -1 -1 1
13 7 -1 -1 4 11 -1 17 -1 12 -1 -1 6 3 -1 8 -1 14 -1 0 10 15 16 -1 -1 5 9 2 -1 -1 1
6 10 -1 -1 1 12 -1 8 -1 3 -1 -1 5 11 -1 14 -1 16 -1 -1 -1 13 7 -1 -1 9 4 15 -1 -1 0
23 9 10 -1 5 16 8 17 18 7 19 20 25 3 -1 12 -1 24 -1 11 21 -1 14 13 26 2 15 6 22 4 0
5 8 -1 -1 12 4 -1 1 -1 3 -1 -1 7 13 -1 6 -1 14 -1 -1 9 11 -1 -1 -1 16 2 15 -1 -1 0
7 1 12 -1 5 3 8 9 19 10 21 2 13 15 -1 14 -1 25 -1 26 4 16 22 -1 18 20 24 6 11 23 0
8 7 -1 -1 12 4 -1 13 -1 3 -1 -1 14 2 -1 15 -1 11 -1 -1 10 17 9 -1 0 6 16 5 -1 -1 1
14 26 22 -1 15 12 11 24 21 13 10 19 7 6 -1 17 -1 4 -1 8 23 9 2 16 1 -1 18 3 5 20 0
2 15 -1 -1 9 3 -1 4 -1 6 -1 -1 16 13 -1 10 -1 5 -1 -1 11 12 7 -1 -1 8 -1 1 -1 -1 0
26 11 3 -1 5 21 13 25 9 19 18 8 17 7 -1 15 -1 20 -1 22 16 6 12 4 1 2 24 -1 14 10 0
17 20 16 -1 15 11 4 25 2 26 12 14 5 7 -1 24 -1 18 -1 3 9 13 19 22 1 23 6 21 -1 10 0
11 20 3 -1 22 23 13 19 24 18 10 14 21 12 -1 16 -1 2 -1 15 9 17 1 4 6 8 26 5 7 -1 0
