30
3
O A A O B O O O O A A A O B A O O O O O A O O O A A O A A O
A B B O A A B O O A O O A A O AB A AB A A O O A A A B A B A A
O A A
3 7 8 10 11 14 20 21
0 3 4 5 7 8 9 10 11 12 13 14 16 18 19 20 21 22 23 24 26 28 29
0 3 4 5 7 8 9 10 11 12 13 14 16 18 19 20 21 22 23 24 26 28 29
3 7 8 10 11 14 20 21
1 2 3 6 7 8 10 11 14 20 21 25 27
3 7 8 10 11 14 20 21
3 7 8 10 11 14 20 21
3 7 8 10 11 14 20 21
3 7 8 10 11 14 20 21
0 3 4 5 7 8 9 10 11 12 13 14 16 18 19 20 21 22 23 24 26 28 29
0 3 4 5 7 8 9 10 11 12 13 14 16 18 19 20 21 22 23 24 26 28 29
0 3 4 5 7 8 9 10 11 12 13 14 16 18 19 20 21 22 23 24 26 28 29
3 7 8 10 11 14 20 21
1 2 3 6 7 8 10 11 14 20 21 25 27
0 3 4 5 7 8 9 10 11 12 13 14 16 18 19 20 21 22 23 24 26 28 29
3 7 8 10 11 14 20 21
3 7 8 10 11 14 20 21
3 7 8 10 11 14 20 21
3 7 8 10 11 14 20 21
3 7 8 10 11 14 20 21
0 3 4 5 7 8 9 10 11 12 13 14 16 18 19 20 21 22 23 24 26 28 29
3 7 8 10 11 14 20 21
3 7 8 10 11 14 20 21
3 7 8 10 11 14 20 21
0 3 4 5 7 8 9 10 11 12 13 14 16 18 19 20 21 22 23 24 26 28 29
0 3 4 5 7 8 9 10 11 12 13 14 16 18 19 20 21 22 23 24 26 28 29
3 7 8 10 11 14 20 21
0 3 4 5 7 8 9 10 11 12 13 14 16 18 19 20 21 22 23 24 26 28 29
0 3 4 5 7 8 9 10 11 12 13 14 16 18 19 20 21 22 23 24 26 28 29
3 7 8 10 11 14 20 21
-1 -1 -1 3 -1 -1 -1 1 2 -1 7 5 -1 -1 4 -1 -1 -1 -1 -1 6 8 -1 -1 -1 -1 -1 -1 -1 -1 0
20 -1 -1 18 5 9 -1 7 11 3 4 2 17 14 1 -1 21 -1 12 13 23 16 15 22 19 -1 8 -1 6 10 0
4 -1 -1 8 20 22 -1 18 1 14 7 2 16 17 21 -1 15 -1 12 10 13 5 23 6 11 -1 3 -1 19 9 0
-1 -1 -1 1 -1 -1 -1 2 5 -1 3 8 -1 -1 7 -1 -1 -1 -1 -1 4 6 -1 -1 -1 -1 -1 -1 -1 -1 0
-1 11 4 3 -1 -1 8 1 9 -1 6 2 -1 -1 5 -1 -1 -1 -1 -1 10 13 -1 -1 -1 12 -1 7 -1 -1 0
-1 -1 -1 8 -1 -1 -1 3 2 -1 1 7 -1 -1 5 -1 -1 -1 -1 -1 4 6 -1 -1 -1 -1 -1 -1 -1 -1 0
-1 -1 -1 1 -1 -1 -1 7 3 -1 2 6 -1 -1 5 -1 -1 -1 -1 -1 8 4 -1 -1 -1 -1 -1 -1 -1 -1 0
-1 -1 -1 6 -1 -1 -1 0 7 -1 2 3 -1 -1 4 -1 -1 -1 -1 -1 5 8 -1 -1 -1 -1 -1 -1 -1 -1 1
-1 -1 -1 6 -1 -1 -1 5 1 -1 3 7 -1 -1 4 -1 -1 -1 -1 -1 2 8 -1 -1 -1 -1 -1 -1 -1 -1 0
2 -1 -1 19 15 12 -1 16 20 1 22 17 9 14 10 -1 5 -1 7 8 11 6 23 13 3 -1 18 -1 4 21 0
4 -1 -1 11 22 8 -1 12 9 5 0 13 20 14 23 -1 18 -1 17 10 6 7 3 21 19 -1 2 -1 16 15 1
11 -1 -1 15 22 3 -1 4 13 5 12 1 2 10 8 -1 20 -1 21 16 17 14 23 18 9 -1 7 -1 19 6 0
-1 -1 -1 7 -1 -1 -1 4 1 -1 5 8 -1 -1 6 -1 -1 -1 -1 -1 2 3 -1 -1 -1 -1 -1 -1 -1 -1 0
-1 2 10 13 -1 -1 11 6 4 -1 12 8 -1 -1 9 -1 -1 -1 -1 -1 3 5 -1 -1 -1 1 -1 7 -1 -1 0
8 -1 -1 15 20 16 -1 10 3 6 13 19 2 21 0 -1 14 -1 9 11 23 22 4 17 5 -1 12 -1 18 7 1
-1 -1 -1 5 -1 -1 -1 3 7 -1 6 2 -1 -1 8 -1 -1 -1 -1 -1 4 1 -1 -1 -1 -1 -1 -1 -1 -1 0
-1 -1 -1 8 -1 -1 -1 5 4 -1 1 3 -1 -1 6 -1 -1 -1 -1 -1 7 2 -1 -1 -1 -1 -1 -1 -1 -1 0
-1 -1 -1 2 -1 -1 -1 6 7 -1 3 1 -1 -1 4 -1 -1 -1 -1 -1 8 5 -1 -1 -1 -1 -1 -1 -1 -1 0
-1 -1 -1 5 -1 -1 -1 8 7 -1 6 4 -1 -1 1 -1 -1 -1 -1 -1 2 3 -1 -1 -1 -1 -1 -1 -1 -1 0
-1 -1 -1 4 -1 -1 -1 3 7 -1 5 8 -1 -1 1 -1 -1 -1 -1 -1 6 2 -1 -1 -1 -1 -1 -1 -1 -1 0
15 -1 -1 6 18 20 -1 10 11 12 8 13 16 9 19 -1 5 -1 23 22 1 4 14 21 2 -1 3 -1 7 17 0
-1 -1 -1 2 -1 -1 -1 4 7 -1 8 3 -1 -1 5 -1 -1 -1 -1 -1 6 0 -1 -1 -1 -1 -1 -1 -1 -1 1
-1 -1 -1 4 -1 -1 -1 8 6 -1 5 2 -1 -1 3 -1 -1 -1 -1 -1 7 1 -1 -1 -1 -1 -1 -1 -1 -1 0
-1 -1 -1 3 -1 -1 -1 5 4 -1 8 1 -1 -1 7 -1 -1 -1 -1 -1 2 6 -1 -1 -1 -1 -1 -1 -1 -1 0
16 -1 -1 13 17 4 -1 3 10 22 20 21 6 12 23 -1 18 -1 11 9 8 19 14 2 0 -1 7 -1 5 15 1
11 -1 -1 12 8 16 -1 19 2 6 23 18 13 21 10 -1 9 -1 17 22 1 7 5 20 3 -1 15 -1 14 4 0
-1 -1 -1 2 -1 -1 -1 6 3 -1 7 1 -1 -1 5 -1 -1 -1 -1 -1 4 8 -1 -1 -1 -1 -1 -1 -1 -1 0
8 -1 -1 10 11 23 -1 7 17 18 3 13 15 22 12 -1 20 -1 21 16 9 14 4 2 1 -1 5 -1 6 19 0
21 -1 -1 18 16 7 -1 23 19 14 15 9 11 2 17 -1 6 -1 20 22 8 12 5 10 3 -1 4 -1 0 13 1
-1 -1 -1 1 -1 -1 -1 2 6 -1 3 7 -1 -1 8 -1 -1 -1 -1 -1 5 4 -1 -1 -1 -1 -1 -1 -1 -1 0
