30
3
O O O A O A A O A A O O A A O O A A A A O A O O A O A A O O
O O O A O O A O A A A A A A A A A O B B O A O O O O B A A A
O O O
0 1 2 4 5 7 17 20 22 23 24 25
0 1 2 4 5 7 17 20 22 23 24 25
0 1 2 4 5 7 17 20 22 23 24 25
0 1 2 3 4 5 6 7 8 9 10 11 12 13 14 15 16 17 20 21 22 23 24 25 27 28 29
0 1 2 4 5 7 17 20 22 23 24 25
0 1 2 3 4 5 6 7 8 9 10 11 12 13 14 15 16 17 20 21 22 23 24 25 27 28 29
0 1 2 3 4 5 6 7 8 9 10 11 12 13 14 15 16 17 20 21 22 23 24 25 27 28 29
0 1 2 4 5 7 17 20 22 23 24 25
0 1 2 3 4 5 6 7 8 9 10 11 12 13 14 15 16 17 20 21 22 23 24 25 27 28 29
0 1 2 3 4 5 6 7 8 9 10 11 12 13 14 15 16 17 20 21 22 23 24 25 27 28 29
0 1 2 4 5 7 17 20 22 23 24 25
0 1 2 4 5 7 17 20 22 23 24 25
0 1 2 3 4 5 6 7 8 9 10 11 12 13 14 15 16 17 20 21 22 23 24 25 27 28 29
0 1 2 3 4 5 6 7 8 9 10 11 12 13 14 15 16 17 20 21 22 23 24 25 27 28 29
0 1 2 4 5 7 17 20 22 23 24 25
0 1 2 4 5 7 17 20 22 23 24 25
0 1 2 3 4 5 6 7 8 9 10 11 12 13 14 15 16 17 20 21 22 23 24 25 27 28 29
0 1 2 3 4 5 6 7 8 9 10 11 12 13 14 15 16 17 20 21 22 23 24 25 27 28 29
0 1 2 3 4 5 6 7 8 9 10 11 12 13 14 15 16 17 20 21 22 23 24 25 27 28 29
0 1 2 3 4 5 6 7 8 9 10 11 12 13 14 15 16 17 20 21 22 23 24 25 27 28 29
0 1 2 4 5 7 17 20 22 23 24 25
0 1 2 3 4 5 6 7 8 9 10 11 12 13 14 15 16 17 20 21 22 23 24 25 27 28 29
0 1 2 4 5 7 17 20 22 23 24 25
0 1 2 4 5 7 17 20 22 23 24 25
0 1 2 3 4 5 6 7 8 9 10 11 12 13 14 15 16 17 20 21 22 23 24 25 27 28 29
0 1 2 4 5 7 17 20 22 23 24 25
0 1 2 3 4 5 6 7 8 9 10 11 12 13 14 15 16 17 20 21 22 23 24 25 27 28 29
0 1 2 3 4 5 6 7 8 9 10 11 12 13 14 15 16 17 20 21 22 23 24 25 27 28 29
0 1 2 4 5 7 17 20 22 23 24 25
0 1 2 4 5 7 17 20 22 23 24 25
0 8 4 -1 6 11 -1 9 -1 -1 -1 -1 -1 -1 -1 -1 -1 12 -1 -1 2 -1 7 5 10 3 -1 -1 -1 -1 1
2 0 3 -1 5 4 -1 11 -1 -1 -1 -1 -1 -1 -1 -1 -1 6 -1 -1 10 -1 7 8 9 12 -1 -1 -1 -1 1
10 12 1 -1 11 8 -1 7 -1 -1 -1 -1 -1 -1 -1 -1 -1 6 -1 -1 3 -1 4 9 2 5 -1 -1 -1 -1 0
14 13 24 0 7 5 17 18 26 16 27 19 8 21 20 23 25 4 -1 -1 2 15 22 10 12 3 -1 6 9 11 1
6 11 5 -1 0 3 -1 7 -1 -1 -1 -1 -1 -1 -1 -1 -1 9 -1 -1 8 -1 12 4 10 2 -1 -1 -1 -1 1
13 12 19 27 11 1 6 22 16 17 8 2 26 15 18 23 7 21 -1 -1 14 10 5 4 20 9 -1 25 24 3 0
14 22 18 12 16 27 1 10 26 9 3 23 2 25 17 20 13 8 -1 -1 21 24 6 19 11 7 -1 5 15 4 0
6 3 5 -1 10 2 -1 0 -1 -1 -1 -1 -1 -1 -1 -1 -1 11 -1 -1 7 -1 12 8 4 9 -1 -1 -1 -1 1
11 18 7 5 22 10 27 16 0 13 26 15 6 21 24 20 12 2 -1 -1 3 23 14 4 9 8 -1 17 19 25 1
23 27 21 11 13 18 25 16 4 1 19 15 14 26 6 20 2 9 -1 -1 24 3 8 12 22 7 -1 17 10 5 0
10 1 6 -1 3 4 -1 2 -1 -1 -1 -1 -1 -1 -1 -1 -1 7 -1 -1 9 -1 11 8 12 5 -1 -1 -1 -1 0
8 1 11 -1 12 7 -1 3 -1 -1 -1 -1 -1 -1 -1 -1 -1 4 -1 -1 10 -1 2 5 9 6 -1 -1 -1 -1 0
9 6 22 14 3 15 10 4 20 2 18 25 1 7 21 5 8 23 -1 -1 26 13 27 19 24 12 -1 11 16 17 0
16 25 3 15 14 10 6 8 9 4 20 23 27 0 21 26 13 19 -1 -1 22 5 18 12 11 2 -1 7 24 17 1
3 4 6 -1 2 12 -1 7 -1 -1 -1 -1 -1 -1 -1 -1 -1 10 -1 -1 8 -1 9 5 1 11 -1 -1 -1 -1 0
11 8 10 -1 4 2 -1 5 -1 -1 -1 -1 -1 -1 -1 -1 -1 9 -1 -1 6 -1 1 7 3 12 -1 -1 -1 -1 0
21 12 10 26 20 7 2 18 14 15 24 8 27 3 5 4 0 9 -1 -1 22 17 25 23 11 13 -1 16 19 6 1
27 25 16 17 5 10 14 24 22 26 19 6 21 9 11 15 4 1 -1 -1 12 20 8 23 7 13 -1 3 2 18 0
16 21 17 1 20 15 6 14 23 8 26 9 11 19 24 22 25 27 -1 -1 5 18 13 12 4 3 -1 7 10 2 0
26 10 19 17 11 3 27 23 1 4 14 6 16 15 5 2 9 18 -1 -1 13 22 20 8 12 21 -1 7 24 25 0
6 11 7 -1 10 3 -1 4 -1 -1 -1 -1 -1 -1 -1 -1 -1 5 -1 -1 0 -1 12 2 8 9 -1 -1 -1 -1 1
11 19 24 4 14 21 12 10 2 16 13 3 25 20 26 18 8 15 -1 -1 7 1 27 22 23 17 -1 5 6 9 0
2 4 7 -1 3 9 -1 5 -1 -1 -1 -1 -1 -1 -1 -1 -1 6 -1 -1 12 -1 1 8 10 11 -1 -1 -1 -1 0
8 7 3 -1 12 6 -1 11 -1 -1 -1 -1 -1 -1 -1 -1 -1 9 -1 -1 4 -1 10 1 5 2 -1 -1 -1 -1 0
27 13 22 15 21 9 14 2 16 10 23 5 25 7 18 4 8 20 -1 -1 19 26 6 17 0 11 -1 24 3 12 1
8 10 11 -1 3 5 -1 6 -1 -1 -1 -1 -1 -1 -1 -1 -1 2 -1 -1 4 -1 12 9 7 1 -1 -1 -1 -1 0
19 3 22 11 20 4 8 1 14 9 6 24 26 16 7 18 25 21 -1 -1 15 13 5 17 12 27 -1 23 10 2 0
25 15 2 14 8 6 3 17 16 24 7 4 23 20 5 19 11 12 -1 -1 26 18 27 9 21 22 -1 0 10 13 1
1 8 5 -1 9 12 -1 6 -1 -1 -1 -1 -1 -1 -1 -1 -1 2 -1 -1 11 -1 4 3 7 10 -1 -1 -1 -1 0
3 11 1 -1 5 4 -1 9 -1 -1 -1 -1 -1 -1 -1 -1 -1 8 -1 -1 12 -1 2 7 10 6 -1 -1 -1 -1 0
