30
3
O A O O A B O O A A B O O A O A O O O O A B O A O O O A A O
O O A O A O O O O O O O O A O A A O O O O O A A O A O O O O
O A A
0 1 3 5 6 7 8 9 10 11 12 14 17 18 19 20 21 24 26 27 28 29
0 1 2 3 4 5 6 7 8 9 10 11 12 13 14 15 16 17 18 19 20 21 22 23 24 25 26 27 28 29
0 1 3 5 6 7 8 9 10 11 12 14 17 18 19 20 21 24 26 27 28 29
0 1 3 5 6 7 8 9 10 11 12 14 17 18 19 20 21 24 26 27 28 29
0 1 2 3 4 5 6 7 8 9 10 11 12 13 14 15 16 17 18 19 20 21 22 23 24 25 26 27 28 29
0 1 3 5 6 7 8 9 10 11 12 14 17 18 19 20 21 24 26 27 28 29
0 1 3 5 6 7 8 9 10 11 12 14 17 18 19 20 21 24 26 27 28 29
0 1 3 5 6 7 8 9 10 11 12 14 17 18 19 20 21 24 26 27 28 29
0 1 2 3 4 5 6 7 8 9 10 11 12 13 14 15 16 17 18 19 20 21 22 23 24 25 26 27 28 29
0 1 2 3 4 5 6 7 8 9 10 11 12 13 14 15 16 17 18 19 20 21 22 23 24 25 26 27 28 29
0 1 3 5 6 7 8 9 10 11 12 14 17 18 19 20 21 24 26 27 28 29
0 1 3 5 6 7 8 9 10 11 12 14 17 18 19 20 21 24 26 27 28 29
0 1 3 5 6 7 8 9 10 11 12 14 17 18 19 20 21 24 26 27 28 29
0 1 2 3 4 5 6 7 8 9 10 11 12 13 14 15 16 17 18 19 20 21 22 23 24 25 26 27 28 29
0 1 3 5 6 7 8 9 10 11 12 14 17 18 19 20 21 24 26 27 28 29
0 1 2 3 4 5 6 7 8 9 10 11 12 13 14 15 16 17 18 19 20 21 22 23 24 25 26 27 28 29
0 1 3 5 6 7 8 9 10 11 12 14 17 18 19 20 21 24 26 27 28 29
0 1 3 5 6 7 8 9 10 11 12 14 17 18 19 20 21 24 26 27 28 29
0 1 3 5 6 7 8 9 10 11 12 14 17 18 19 20 21 24 26 27 28 29
0 1 3 5 6 7 8 9 10 11 12 14 17 18 19 20 21 24 26 27 28 29
0 1 2 3 4 5 6 7 8 9 10 11 12 13 14 15 16 17 18 19 20 21 22 23 24 25 26 27 28 29
0 1 3 5 6 7 8 9 10 11 12 14 17 18 19 20 21 24 26 27 28 29
0 1 3 5 6 7 8 9 10 11 12 14 17 18 19 20 21 24 26 27 28 29
0 1 2 3 4 5 6 7 8 9 10 11 12 13 14 15 16 17 18 19 20 21 22 23 24 25 26 27 28 29
0 1 3 5 6 7 8 9 10 11 12 14 17 18 19 20 21 24 26 27 28 29
0 1 3 5 6 7 8 9 10 11 12 14 17 18 19 20 21 24 26 27 28 29
0 1 3 5 6 7 8 9 10 11 12 14 17 18 19 20 21 24 26 27 28 29
0 1 2 3 4 5 6 7 8 9 10 11 12 13 14 15 16 17 18 19 20 21 22 23 24 25 26 27 28 29
0 1 2 3 4 5 6 7 8 9 10 11 12 13 14 15 16 17 18 19 20 21 22 23 24 25 26 27 28 29
0 1 3 5 6 7 8 9 10 11 12 14 17 18 19 20 21 24 26 27 28 29
-1 2 -1 14 -1 13 7 8 5 19 17 20 12 -1 22 -1 -1 21 4 16 18 6 -1 -1 9 -1 10 1 11 15 0
17 -1 2 4 13 26 18 1 20 14 16 10 8 23 28 19 21 11 29 24 25 6 12 3 7 27 30 5 22 15 0
2 14 0 22 -1 9 18 4 8 11 16 13 10 -1 15 -1 -1 7 6 17 12 21 -1 -1 5 -1 20 19 3 23 1
4 19 -1 -1 -1 16 14 17 12 9 2 3 1 -1 7 -1 -1 20 11 15 5 21 -1 -1 13 -1 22 6 18 8 0
30 14 16 3 -1 5 25 2 6 15 23 17 13 21 10 19 28 24 12 8 27 26 4 7 1 9 20 29 18 22 0
10 20 -1 9 -1 -1 7 5 1 19 2 4 8 -1 15 -1 -1 6 14 17 18 13 -1 -1 16 -1 21 22 3 12 0
12 15 -1 17 -1 3 -1 7 6 8 4 14 1 -1 9 -1 -1 19 21 18 20 16 -1 -1 5 -1 22 11 10 2 0
19 22 -1 7 -1 13 6 -1 3 16 4 14 5 -1 17 -1 -1 20 12 8 11 15 -1 -1 2 -1 9 18 10 1 0
12 23 22 26 4 24 30 9 -1 17 16 10 3 11 29 25 7 14 27 8 15 28 2 19 1 18 5 20 21 13 0
26 25 21 15 28 23 11 22 2 -1 19 9 7 27 4 12 6 10 1 5 17 18 29 16 13 14 30 20 3 8 0
21 2 -1 8 -1 12 18 15 20 17 -1 11 5 -1 10 -1 -1 13 19 4 14 16 -1 -1 22 -1 1 6 9 3 0
18 8 -1 14 -1 5 1 3 20 17 6 -1 19 -1 7 -1 -1 16 22 12 15 11 -1 -1 9 -1 10 2 21 13 0
2 8 -1 5 -1 7 21 4 1 22 10 13 -1 -1 16 -1 -1 3 11 12 6 19 -1 -1 15 -1 18 17 9 14 0
18 22 8 2 25 27 4 1 30 19 14 29 9 -1 24 20 10 15 11 6 12 16 5 13 7 3 21 28 23 17 0
16 14 -1 18 -1 3 7 11 19 2 22 21 5 -1 -1 -1 -1 12 4 13 20 6 -1 -1 17 -1 9 8 10 15 0
8 16 25 3 14 5 28 10 30 26 18 12 7 19 6 -1 23 4 9 21 15 22 27 11 29 24 13 2 17 1 0
11 5 -1 2 -1 15 3 13 12 20 7 10 21 -1 19 -1 1 16 23 14 17 8 -1 -1 9 -1 4 22 18 6 0
2 11 -1 15 -1 7 3 1 13 14 6 5 8 -1 16 -1 -1 -1 20 12 10 19 -1 -1 21 -1 22 4 17 18 0
14 11 -1 8 -1 20 16 5 21 3 10 22 18 -1 13 -1 -1 15 -1 17 1 19 -1 -1 2 -1 9 6 4 7 0
16 11 -1 10 -1 13 8 20 9 6 4 5 3 -1 12 -1 -1 1 17 -1 14 18 -1 -1 7 -1 2 19 15 22 0
22 23 7 5 25 17 30 11 10 26 12 28 24 3 20 6 21 9 8 1 -1 15 13 19 14 4 27 18 16 2 0
4 21 -1 17 -1 8 14 1 6 7 12 5 18 -1 10 -1 -1 20 3 19 15 -1 -1 -1 2 -1 16 13 9 22 0
15 14 -1 9 -1 17 18 7 4 2 20 22 21 -1 10 -1 -1 23 11 16 12 6 1 -1 19 -1 3 13 5 8 0
5 16 15 1 4 24 11 30 9 26 29 21 14 3 25 20 13 2 10 28 12 8 22 -1 19 18 17 6 27 7 0
2 1 -1 8 -1 4 11 5 9 13 7 19 3 -1 22 -1 -1 12 17 10 15 18 -1 -1 -1 -1 6 14 21 16 0
12 2 -1 18 -1 15 10 9 13 19 16 7 11 -1 3 -1 -1 20 22 5 17 6 -1 -1 4 0 8 23 14 21 1
8 19 -1 1 -1 3 20 13 21 12 14 22 10 -1 7 -1 -1 2 6 18 17 5 -1 -1 16 -1 -1 15 4 9 0
5 14 6 25 20 8 19 11 27 15 10 23 24 13 22 18 7 26 16 12 4 28 30 2 9 21 1 -1 3 17 0
15 5 7 22 16 8 17 11 1 4 23 24 9 6 2 21 28 13 10 18 25 12 26 30 3 29 27 20 -1 19 0
21 22 -1 19 -1 12 4 3 6 9 16 2 20 -1 5 -1 -1 11 10 15 1 18 -1 -1 8 -1 7 13 17 -1 0
