30
3
O A A B O O O O AB O A O A AB A O B O AB O A O A O B A O O B A
O O A O A A O O A O B A O A O B B O B O O O O O A O O O AB O
A O A
0 1 3 6 7 9 12 14 17 19 20 21 22 23 25 26 27 29
0 1 2 3 4 5 6 7 8 9 11 12 13 14 17 19 20 21 22 23 24 25 26 27 29
0 1 2 3 4 5 6 7 8 9 11 12 13 14 17 19 20 21 22 23 24 25 26 27 29
0 1 3 6 7 9 10 12 14 15 16 17 18 19 20 21 22 23 25 26 27 29
0 1 3 6 7 9 12 14 17 19 20 21 22 23 25 26 27 29
0 1 3 6 7 9 12 14 17 19 20 21 22 23 25 26 27 29
0 1 3 6 7 9 12 14 17 19 20 21 22 23 25 26 27 29
0 1 3 6 7 9 12 14 17 19 20 21 22 23 25 26 27 29
0 1 2 3 4 5 6 7 8 9 10 11 12 13 14 15 16 17 18 19 20 21 22 23 24 25 26 27 28 29
0 1 3 6 7 9 12 14 17 19 20 21 22 23 25 26 27 29
0 1 2 3 4 5 6 7 8 9 11 12 13 14 17 19 20 21 22 23 24 25 26 27 29
0 1 3 6 7 9 12 14 17 19 20 21 22 23 25 26 27 29
0 1 2 3 4 5 6 7 8 9 11 12 13 14 17 19 20 21 22 23 24 25 26 27 29
0 1 2 3 4 5 6 7 8 9 10 11 12 13 14 15 16 17 18 19 20 21 22 23 24 25 26 27 28 29
0 1 2 3 4 5 6 7 8 9 11 12 13 14 17 19 20 21 22 23 24 25 26 27 29
0 1 3 6 7 9 12 14 17 19 20 21 22 23 25 26 27 29
0 1 3 6 7 9 10 12 14 15 16 17 18 19 20 21 22 23 25 26 27 29
0 1 3 6 7 9 12 14 17 19 20 21 22 23 25 26 27 29
0 1 2 3 4 5 6 7 8 9 10 11 12 13 14 15 16 17 18 19 20 21 22 23 24 25 26 27 28 29
0 1 3 6 7 9 12 14 17 19 20 21 22 23 25 26 27 29
0 1 2 3 4 5 6 7 8 9 11 12 13 14 17 19 20 21 22 23 24 25 26 27 29
0 1 3 6 7 9 12 14 17 19 20 21 22 23 25 26 27 29
0 1 2 3 4 5 6 7 8 9 11 12 13 14 17 19 20 21 22 23 24 25 26 27 29
0 1 3 6 7 9 12 14 17 19 20 21 22 23 25 26 27 29
0 1 3 6 7 9 10 12 14 15 16 17 18 19 20 21 22 23 25 26 27 29
0 1 2 3 4 5 6 7 8 9 11 12 13 14 17 19 20 21 22 23 24 25 26 27 29
0 1 3 6 7 9 12 14 17 19 20 21 22 23 25 26 27 29
0 1 3 6 7 9 12 14 17 19 20 21 22 23 25 26 27 29
0 1 3 6 7 9 10 12 14 15 16 17 18 19 20 21 22 23 25 26 27 29
0 1 2 3 4 5 6 7 8 9 11 12 13 14 17 19 20 21 22 23 24 25 26 27 29
5 13 -1 11 -1 -1 17 4 -1 18 -1 -1 3 -1 7 -1 -1 12 -1 14 9 8 2 6 -1 15 10 16 -1 1 0
18 23 1 13 14 15 8 20 25 16 -1 12 10 11 4 -1 -1 19 -1 5 22 17 24 2 9 6 7 3 -1 21 0
11 3 6 18 7 24 22 23 25 12 -1 10 14 15 20 -1 -1 5 -1 16 4 17 9 1 2 13 19 21 -1 8 0
15 7 -1 5 -1 -1 19 9 -1 3 12 -1 8 -1 22 20 21 6 4 18 13 1 2 10 -1 11 16 17 -1 14 0
10 9 -1 5 0 -1 3 11 -1 15 -1 -1 6 -1 19 -1 -1 8 -1 12 13 7 4 18 -1 17 14 2 -1 16 1
18 15 -1 4 -1 0 19 6 -1 9 -1 -1 8 -1 16 -1 -1 3 -1 13 12 5 2 14 -1 17 7 11 -1 10 1
16 2 -1 4 -1 -1 12 13 -1 17 -1 -1 7 -1 10 -1 -1 8 -1 1 18 6 9 5 -1 15 11 3 -1 14 0
9 8 -1 17 -1 -1 11 15 -1 14 -1 -1 13 -1 4 -1 -1 7 -1 10 5 12 16 18 -1 2 3 6 -1 1 0
11 4 23 13 25 20 19 1 10 15 12 21 8 26 2 28 29 24 18 3 7 17 6 27 14 16 5 9 30 22 0
2 18 -1 13 -1 -1 14 7 -1 5 -1 -1 8 -1 12 -1 -1 9 -1 3 6 17 4 11 -1 10 15 1 -1 16 0
5 22 9 26 10 13 24 17 7 21 1 19 2 25 18 -1 -1 12 -1 3 23 16 8 11 20 15 6 4 -1 14 0
3 12 -1 5 -1 -1 15 19 -1 9 -1 1 13 -1 16 -1 -1 4 -1 2 8 7 17 6 -1 11 18 14 -1 10 0
11 24 2 1 25 10 9 5 18 12 -1 13 7 22 23 -1 -1 17 -1 14 4 3 6 20 21 15 19 16 -1 8 0
23 6 3 5 29 10 11 7 26 4 21 14 19 12 24 18 25 17 13 30 28 27 22 16 15 20 1 2 9 8 0
4 15 9 2 6 23 19 1 3 10 -1 16 14 17 25 -1 -1 7 -1 5 20 13 21 12 18 11 22 8 -1 24 0
7 15 -1 13 -1 -1 17 14 -1 6 -1 -1 8 -1 9 1 -1 12 -1 10 19 5 2 3 -1 11 16 18 -1 4 0
6 14 -1 19 -1 -1 12 8 -1 1 16 -1 3 -1 22 18 11 17 15 21 2 5 4 7 -1 20 9 13 -1 10 0
4 8 -1 2 -1 -1 1 3 -1 14 -1 -1 11 -1 9 -1 -1 17 -1 13 12 7 15 18 -1 5 10 16 -1 6 0
10 22 29 24 4 19 1 7 8 26 3 12 30 21 14 11 15 17 28 5 6 16 20 27 9 23 2 25 18 13 0
2 13 -1 15 -1 -1 14 10 -1 9 -1 -1 4 -1 7 -1 -1 12 -1 18 8 6 5 1 -1 17 3 16 -1 11 0
20 10 18 15 19 4 17 13 2 9 -1 6 11 5 21 -1 -1 14 -1 3 12 7 1 22 23 8 24 25 -1 16 0
5 6 -1 2 -1 -1 7 3 -1 1 -1 -1 13 -1 15 -1 -1 16 -1 11 14 9 17 12 -1 18 4 8 -1 10 0
24 22 2 16 19 20 9 12 11 7 -1 25 4 18 1 -1 -1 10 -1 8 23 3 13 5 17 14 6 21 -1 15 0
15 4 -1 18 -1 -1 12 14 -1 2 -1 -1 7 -1 5 -1 -1 10 -1 6 11 9 13 17 -1 8 3 16 -1 1 0
13 5 -1 16 -1 -1 17 3 -1 14 10 -1 7 -1 6 21 19 2 11 8 4 22 23 18 0 9 20 12 -1 15 1
12 9 21 22 4 2 16 17 5 20 -1 25 3 24 18 -1 -1 6 -1 13 8 10 15 14 23 19 7 1 -1 11 0
6 13 -1 1 -1 -1 18 15 -1 2 -1 -1 4 -1 17 -1 -1 10 -1 11 12 8 16 3 -1 14 7 9 -1 5 0
14 11 -1 7 -1 -1 5 18 -1 3 -1 -1 12 -1 10 -1 -1 1 -1 15 13 9 2 16 -1 4 17 8 -1 6 0
6 22 -1 18 -1 -1 10 21 -1 11 2 -1 19 -1 15 14 12 3 16 13 4 7 9 8 -1 17 23 20 1 5 0
20 22 2 7 17 15 21 10 12 14 -1 11 24 9 25 -1 -1 5 -1 23 8 18 3 4 1 6 13 16 -1 19 0
