30
3
A A B A B A A A A O O A O O O A A O O A A A O O O O O O A O
A A O A A A O B O O O O O O A O A O O O A B B O O O O B O B
A O O
0 1 2 3 4 5 6 8 9 10 11 12 13 14 15 16 17 18 19 20 23 24 25 26 28
0 1 2 3 4 5 6 8 9 10 11 12 13 14 15 16 17 18 19 20 23 24 25 26 28
2 6 7 8 9 10 11 12 13 15 17 18 19 21 22 23 24 25 26 27 28 29
0 1 2 3 4 5 6 8 9 10 11 12 13 14 15 16 17 18 19 20 23 24 25 26 28
2 6 7 8 9 10 11 12 13 15 17 18 19 21 22 23 24 25 26 27 28 29
0 1 2 3 4 5 6 8 9 10 11 12 13 14 15 16 17 18 19 20 23 24 25 26 28
0 1 2 3 4 5 6 8 9 10 11 12 13 14 15 16 17 18 19 20 23 24 25 26 28
0 1 2 3 4 5 6 8 9 10 11 12 13 14 15 16 17 18 19 20 23 24 25 26 28
0 1 2 3 4 5 6 8 9 10 11 12 13 14 15 16 17 18 19 20 23 24 25 26 28
2 6 8 9 10 11 12 13 15 17 18 19 23 24 25 26 28
2 6 8 9 10 11 12 13 15 17 18 19 23 24 25 26 28
0 1 2 3 4 5 6 8 9 10 11 12 13 14 15 16 17 18 19 20 23 24 25 26 28
2 6 8 9 10 11 12 13 15 17 18 19 23 24 25 26 28
2 6 8 9 10 11 12 13 15 17 18 19 23 24 25 26 28
2 6 8 9 10 11 12 13 15 17 18 19 23 24 25 26 28
0 1 2 3 4 5 6 8 9 10 11 12 13 14 15 16 17 18 19 20 23 24 25 26 28
0 1 2 3 4 5 6 8 9 10 11 12 13 14 15 16 17 18 19 20 23 24 25 26 28
2 6 8 9 10 11 12 13 15 17 18 19 23 24 25 26 28
2 6 8 9 10 11 12 13 15 17 18 19 23 24 25 26 28
0 1 2 3 4 5 6 8 9 10 11 12 13 14 15 16 17 18 19 20 23 24 25 26 28
0 1 2 3 4 5 6 8 9 10 11 12 13 14 15 16 17 18 19 20 23 24 25 26 28
0 1 2 3 4 5 6 8 9 10 11 12 13 14 15 16 17 18 19 20 23 24 25 26 28
2 6 8 9 10 11 12 13 15 17 18 19 23 24 25 26 28
2 6 8 9 10 11 12 13 15 17 18 19 23 24 25 26 28
2 6 8 9 10 11 12 13 15 17 18 19 23 24 25 26 28
2 6 8 9 10 11 12 13 15 17 18 19 23 24 25 26 28
2 6 8 9 10 11 12 13 15 17 18 19 23 24 25 26 28
2 6 8 9 10 11 12 13 15 17 18 19 23 24 25 26 28
0 1 2 3 4 5 6 8 9 10 11 12 13 14 15 16 17 18 19 20 23 24 25 26 28
2 6 8 9 10 11 12 13 15 17 18 19 23 24 25 26 28
-1 9 14 20 4 17 10 -1 21 13 24 25 7 11 12 23 15 5 18 19 3 -1 -1 8 2 16 22 -1 1 -1 0
18 -1 1 14 9 13 16 -1 21 15 6 20 3 25 17 24 12 8 19 11 22 -1 -1 5 4 23 7 -1 10 -1 0
-1 -1 -1 -1 -1 -1 18 1 2 3 14 13 20 11 -1 10 -1 12 22 16 -1 15 9 7 6 21 17 5 4 19 0
19 1 8 -1 2 25 16 -1 12 23 13 24 7 15 22 5 18 9 14 4 10 -1 -1 17 21 3 20 -1 11 -1 0
-1 -1 10 -1 0 -1 15 23 14 22 4 21 7 19 -1 11 -1 5 17 3 -1 12 20 18 6 16 13 2 8 9 1
21 14 25 3 23 -1 15 -1 5 17 18 20 13 24 1 4 7 9 12 19 22 -1 -1 16 10 8 6 -1 11 -1 0
5 9 6 21 19 16 -1 -1 7 2 20 13 10 8 15 23 18 24 3 12 11 -1 -1 4 1 25 22 -1 17 -1 0
22 5 14 6 20 25 7 0 24 3 18 12 8 11 19 2 17 21 23 16 15 -1 -1 9 4 13 10 -1 26 -1 1
25 11 24 18 21 2 10 -1 -1 12 22 3 23 14 1 16 9 5 13 6 19 -1 -1 20 15 7 8 -1 4 -1 0
-1 -1 13 -1 -1 -1 5 -1 10 -1 1 11 14 9 -1 12 -1 8 16 2 -1 -1 -1 6 15 17 4 -1 3 -1 0
-1 -1 3 -1 -1 -1 12 -1 7 6 -1 16 15 14 -1 5 -1 13 9 8 -1 -1 -1 17 10 4 2 -1 1 -1 0
25 13 1 3 4 20 8 -1 19 7 10 -1 17 16 21 2 11 24 15 18 6 -1 -1 23 14 9 22 -1 12 -1 0
-1 -1 1 -1 -1 -1 2 -1 6 12 3 15 -1 13 -1 7 -1 4 17 9 -1 -1 -1 8 11 5 10 -1 14 -1 0
-1 -1 4 -1 -1 -1 15 -1 17 11 13 2 12 -1 -1 9 -1 14 10 1 -1 -1 -1 6 5 16 7 -1 3 -1 0
-1 -1 11 -1 -1 -1 4 -1 7 14 13 6 10 3 1 9 -1 12 17 2 -1 -1 -1 16 15 5 18 -1 8 -1 0
13 3 19 10 5 22 12 -1 2 4 16 17 20 18 6 -1 24 9 15 23 7 -1 -1 1 21 11 14 -1 8 -1 0
8 5 24 10 11 2 18 -1 16 19 6 9 14 1 13 21 -1 15 23 3 7 -1 -1 22 4 12 17 -1 25 -1 0
-1 -1 6 -1 -1 -1 8 -1 4 10 1 7 12 16 -1 2 -1 -1 5 9 -1 -1 -1 15 17 11 3 -1 14 -1 0
-1 -1 12 -1 -1 -1 7 -1 11 9 8 15 5 10 -1 14 -1 4 -1 13 -1 -1 -1 3 2 1 6 -1 17 -1 0
20 18 19 2 5 1 12 -1 8 24 22 15 23 10 7 4 9 25 16 -1 21 -1 -1 3 14 6 17 -1 13 -1 0
1 3 10 13 20 15 19 -1 6 4 17 2 21 25 12 9 5 23 16 14 -1 -1 -1 22 18 8 11 -1 7 -1 0
7 14 11 18 8 22 17 -1 12 4 15 21 6 3 25 20 16 23 10 9 2 1 -1 5 24 19 26 -1 13 -1 0
-1 -1 16 -1 -1 -1 12 -1 14 2 5 6 7 18 -1 4 -1 9 13 17 -1 -1 0 15 10 8 3 -1 11 -1 1
-1 -1 7 -1 -1 -1 6 -1 17 15 9 3 10 5 -1 1 -1 4 14 2 -1 -1 -1 -1 8 16 12 -1 11 -1 0
-1 -1 9 -1 -1 -1 11 -1 10 15 3 4 16 2 -1 7 -1 17 1 6 -1 -1 -1 12 -1 8 13 -1 14 -1 0
-1 -1 12 -1 -1 -1 8 -1 2 1 3 7 11 16 -1 13 -1 4 10 9 -1 -1 -1 17 15 -1 6 -1 14 -1 0
-1 -1 7 -1 -1 -1 6 -1 8 17 9 14 11 3 -1 10 -1 13 12 1 -1 -1 -1 4 2 16 -1 -1 5 -1 0
-1 -1 9 -1 -1 -1 18 -1 10 15 13 6 14 16 -1 17 -1 2 12 11 -1 -1 -1 5 8 4 3 0 7 -1 1
18 5 14 4 3 17 25 -1 23 13 8 15 16 12 2 24 21 22 20 1 9 -1 -1 7 11 10 19 -1 -1 -1 0
-1 -1 9 -1 -1 -1 5 -1 12 13 17 15 7 4 -1 3 -1 8 16 6 -1 -1 -1 2 11 10 14 -1 18 1 0
