30
3
O A A A B A A O O B O B AB A A A A AB A A A AB O A A O A AB A O
O A O O O O O O A O A O O B A O O O O O A AB B A A A A O A O
O A A
0 2 3 4 5 6 7 9 11 12 15 16 17 18 19 27 29
0 1 2 3 4 5 6 7 8 9 10 11 12 14 15 16 17 18 19 20 23 24 25 26 27 28 29
0 1 2 3 4 5 6 7 8 9 10 11 12 14 15 16 17 18 19 20 23 24 25 26 27 28 29
0 1 2 3 4 5 6 7 8 9 10 11 12 14 15 16 17 18 19 20 23 24 25 26 27 28 29
0 2 3 4 5 6 7 9 11 12 13 15 16 17 18 19 22 27 29
0 1 2 3 4 5 6 7 8 9 10 11 12 14 15 16 17 18 19 20 23 24 25 26 27 28 29
0 1 2 3 4 5 6 7 8 9 10 11 12 14 15 16 17 18 19 20 23 24 25 26 27 28 29
0 2 3 4 5 6 7 9 11 12 15 16 17 18 19 27 29
0 2 3 4 5 6 7 9 11 12 15 16 17 18 19 27 29
0 2 3 4 5 6 7 9 11 12 13 15 16 17 18 19 22 27 29
0 2 3 4 5 6 7 9 11 12 15 16 17 18 19 27 29
0 2 3 4 5 6 7 9 11 12 13 15 16 17 18 19 22 27 29
0 1 2 3 4 5 6 7 8 9 10 11 12 13 14 15 16 17 18 19 20 21 22 23 24 25 26 27 28 29
0 1 2 3 4 5 6 7 8 9 10 11 12 14 15 16 17 18 19 20 23 24 25 26 27 28 29
0 1 2 3 4 5 6 7 8 9 10 11 12 14 15 16 17 18 19 20 23 24 25 26 27 28 29
0 1 2 3 4 5 6 7 8 9 10 11 12 14 15 16 17 18 19 20 23 24 25 26 27 28 29
0 1 2 3 4 5 6 7 8 9 10 11 12 14 15 16 17 18 19 20 23 24 25 26 27 28 29
0 1 2 3 4 5 6 7 8 9 10 11 12 13 14 15 16 17 18 19 20 21 22 23 24 25 26 27 28 29
0 1 2 3 4 5 6 7 8 9 10 11 12 14 15 16 17 18 19 20 23 24 25 26 27 28 29
0 1 2 3 4 5 6 7 8 9 10 11 12 14 15 16 17 18 19 20 23 24 25 26 27 28 29
0 1 2 3 4 5 6 7 8 9 10 11 12 14 15 16 17 18 19 20 23 24 25 26 27 28 29
0 1 2 3 4 5 6 7 8 9 10 11 12 13 14 15 16 17 18 19 20 21 22 23 24 25 26 27 28 29
0 2 3 4 5 6 7 9 11 12 15 16 17 18 19 27 29
0 1 2 3 4 5 6 7 8 9 10 11 12 14 15 16 17 18 19 20 23 24 25 26 27 28 29
0 1 2 3 4 5 6 7 8 9 10 11 12 14 15 16 17 18 19 20 23 24 25 26 27 28 29
0 2 3 4 5 6 7 9 11 12 15 16 17 18 19 27 29
0 1 2 3 4 5 6 7 8 9 10 11 12 14 15 16 17 18 19 20 23 24 25 26 27 28 29
0 1 2 3 4 5 6 7 8 9 10 11 12 13 14 15 16 17 18 19 20 21 22 23 24 25 26 27 28 29
0 1 2 3 4 5 6 7 8 9 10 11 12 14 15 16 17 18 19 20 23 24 25 26 27 28 29
0 2 3 4 5 6 7 9 11 12 15 16 17 18 19 27 29
0 -1 3 5 13 7 12 16 -1 2 -1 10 6 -1 -1 14 4 11 15 17 -1 -1 -1 -1 -1 -1 -1 8 -1 9 1
20 0 13 8 12 24 23 3 18 14 27 11 7 -1 9 21 4 17 22 10 16 -1 -1 15 26 5 25 6 19 2 1
14 22 1 27 8 13 11 7 18 4 10 21 3 -1 15 24 23 20 2 5 16 -1 -1 25 6 12 17 9 26 19 0
15 19 3 0 7 12 26 18 8 20 4 25 2 -1 24 23 17 27 11 5 22 -1 -1 9 10 13 6 16 21 14 1
13 -1 2 4 0 11 6 12 -1 19 -1 14 18 9 -1 5 17 10 8 3 -1 -1 15 -1 -1 -1 -1 7 -1 16 1
2 24 4 15 11 1 6 14 17 3 20 21 10 -1 13 19 23 8 27 26 25 -1 -1 7 9 22 12 16 18 5 0
6 22 13 11 23 4 0 5 2 3 19 25 20 -1 26 14 16 8 21 10 9 -1 -1 18 15 24 7 27 12 17 1
12 -1 10 9 6 15 4 1 -1 14 -1 13 11 -1 -1 3 16 5 7 2 -1 -1 -1 -1 -1 -1 -1 17 -1 8 0
7 -1 12 10 2 3 15 16 -1 5 -1 14 1 -1 -1 13 11 17 9 8 -1 -1 -1 -1 -1 -1 -1 6 -1 4 0
15 -1 9 4 8 18 7 13 -1 1 -1 10 19 16 -1 14 6 2 3 12 -1 -1 11 -1 -1 -1 -1 5 -1 17 0
12 -1 17 8 4 5 15 10 -1 16 -1 1 11 -1 -1 2 3 14 7 9 -1 -1 -1 -1 -1 -1 -1 6 -1 13 0
16 -1 2 19 13 10 18 15 -1 11 -1 0 17 7 -1 3 12 5 14 9 -1 -1 6 -1 -1 -1 -1 4 -1 8 1
17 19 6 10 2 11 12 27 20 15 13 30 0 22 23 3 26 29 25 8 5 28 21 16 4 7 24 14 18 9 1
18 8 14 21 11 13 3 15 6 9 16 5 20 -1 24 25 22 4 17 12 19 -1 -1 2 23 27 26 10 7 1 0
12 8 16 24 20 5 7 15 21 19 22 25 14 -1 1 10 2 6 4 3 13 -1 -1 27 11 18 17 23 26 9 0
20 13 8 16 18 25 7 4 12 6 15 11 3 -1 2 0 26 17 5 22 21 -1 -1 19 9 14 24 23 27 10 1
4 17 13 14 8 22 19 7 24 16 9 6 18 -1 25 27 0 26 2 15 12 -1 -1 5 10 20 3 23 21 11 1
24 20 2 13 15 30 9 28 12 18 19 11 17 27 8 4 25 1 26 10 29 5 22 14 6 21 3 16 7 23 0
12 6 16 21 17 11 9 10 19 7 13 27 5 -1 18 26 25 23 0 15 20 -1 -1 22 2 14 3 8 24 4 1
23 3 4 20 24 14 16 22 15 21 17 10 11 -1 5 6 13 25 27 0 7 -1 -1 9 19 8 12 26 18 2 1
21 19 25 2 20 3 6 16 11 26 10 18 24 -1 17 23 4 5 27 7 1 -1 -1 12 22 9 8 15 14 13 0
27 2 21 15 7 28 14 3 6 22 19 30 24 16 13 26 8 4 5 29 11 1 12 10 20 23 9 25 17 18 0
13 -1 14 10 1 9 17 12 -1 6 -1 3 4 -1 -1 11 2 7 8 15 -1 -1 -1 -1 -1 -1 -1 16 -1 5 0
9 4 3 25 7 11 5 12 6 27 20 19 10 -1 23 18 13 17 2 15 21 -1 -1 0 16 8 22 24 26 14 1
15 22 12 14 7 25 11 23 6 26 17 27 18 -1 20 16 21 3 19 4 8 -1 -1 2 0 9 5 10 13 24 1
6 -1 9 2 3 8 16 17 -1 11 -1 4 1 -1 -1 15 12 7 13 5 -1 -1 -1 -1 -1 -1 -1 10 -1 14 0
27 15 17 6 26 5 13 22 14 25 24 8 7 -1 11 3 18 12 2 10 19 -1 -1 20 4 16 1 21 23 9 0
4 19 6 11 29 27 15 22 28 23 14 2 20 5 12 13 21 7 26 18 10 17 16 3 25 8 30 1 24 9 0
26 23 6 18 7 2 27 25 15 9 13 17 3 -1 10 22 12 5 16 8 4 -1 -1 19 21 14 24 11 0 20 1
13 -1 14 12 16 7 6 15 -1 11 -1 9 5 -1 -1 2 10 3 8 4 -1 -1 -1 -1 -1 -1 -1 17 -1 0 1
