30
3
A O A B O AB AB O O A A A O O A A A O A A A AB B A AB O A A O O
O A O AB O O A A A AB A O A AB O A O A AB O O B A A A O A B A A
A A A
0 1 2 4 5 6 7 8 10 11 12 14 15 16 17 19 20 22 23 24 25 26 28 29
0 2 4 5 11 14 16 19 20 25
0 1 2 4 5 6 7 8 10 11 12 14 15 16 17 19 20 22 23 24 25 26 28 29
0 2 4 5 11 14 16 19 20 21 25 27
0 2 4 5 11 14 16 19 20 25
0 1 2 3 4 5 6 7 8 9 10 11 12 13 14 15 16 17 18 19 20 21 22 23 24 25 26 27 28 29
0 1 2 3 4 5 6 7 8 9 10 11 12 13 14 15 16 17 18 19 20 21 22 23 24 25 26 27 28 29
0 2 4 5 11 14 16 19 20 25
0 2 4 5 11 14 16 19 20 25
0 1 2 4 5 6 7 8 10 11 12 14 15 16 17 19 20 22 23 24 25 26 28 29
0 1 2 4 5 6 7 8 10 11 12 14 15 16 17 19 20 22 23 24 25 26 28 29
0 1 2 4 5 6 7 8 10 11 12 14 15 16 17 19 20 22 23 24 25 26 28 29
0 2 4 5 11 14 16 19 20 25
0 2 4 5 11 14 16 19 20 25
0 1 2 4 5 6 7 8 10 11 12 14 15 16 17 19 20 22 23 24 25 26 28 29
0 1 2 4 5 6 7 8 10 11 12 14 15 16 17 19 20 22 23 24 25 26 28 29
0 1 2 4 5 6 7 8 10 11 12 14 15 16 17 19 20 22 23 24 25 26 28 29
0 2 4 5 11 14 16 19 20 25
0 1 2 4 5 6 7 8 10 11 12 14 15 16 17 19 20 22 23 24 25 26 28 29
0 1 2 4 5 6 7 8 10 11 12 14 15 16 17 19 20 22 23 24 25 26 28 29
0 1 2 4 5 6 7 8 10 11 12 14 15 16 17 19 20 22 23 24 25 26 28 29
0 1 2 3 4 5 6 7 8 9 10 11 12 13 14 15 16 17 18 19 20 21 22 23 24 25 26 27 28 29
0 2 4 5 11 14 16 19 20 21 25 27
0 1 2 4 5 6 7 8 10 11 12 14 15 16 17 19 20 22 23 24 25 26 28 29
0 1 2 3 4 5 6 7 8 9 10 11 12 13 14 15 16 17 18 19 20 21 22 23 24 25 26 27 28 29
0 2 4 5 11 14 16 19 20 25
0 1 2 4 5 6 7 8 10 11 12 14 15 16 17 19 20 22 23 24 25 26 28 29
0 1 2 4 5 6 7 8 10 11 12 14 15 16 17 19 20 22 23 24 25 26 28 29
0 2 4 5 11 14 16 19 20 25
0 2 4 5 11 14 16 19 20 25
1 9 20 -1 2 22 3 14 19 -1 13 18 4 -1 11 10 21 7 -1 23 5 -1 8 12 16 24 6 -1 15 17 0
3 -1 4 -1 5 8 -1 -1 -1 -1 -1 1 -1 -1 6 -1 9 -1 -1 2 10 -1 -1 -1 -1 7 -1 -1 -1 -1 0
5 21 0 -1 24 17 9 18 7 -1 22 2 8 -1 6 12 15 3 -1 14 10 -1 23 20 4 13 11 -1 19 16 1
12 -1 5 -1 1 3 -1 -1 -1 -1 -1 8 -1 -1 9 -1 7 -1 -1 6 11 10 -1 -1 -1 4 -1 2 -1 -1 0
4 -1 8 -1 0 10 -1 -1 -1 -1 -1 6 -1 -1 7 -1 9 -1 -1 5 3 -1 -1 -1 -1 2 -1 -1 -1 -1 1
18 3 24 23 14 1 27 9 11 19 7 12 25 26 20 21 10 8 30 17 13 4 28 2 29 22 6 5 16 15 0
9 7 2 21 5 23 0 3 20 13 24 25 6 17 22 14 8 26 29 18 4 10 30 16 19 28 12 27 15 11 1
7 -1 9 -1 4 2 -1 -1 -1 -1 -1 8 -1 -1 10 -1 3 -1 -1 6 5 -1 -1 -1 -1 1 -1 -1 -1 -1 0
6 -1 5 -1 10 4 -1 -1 -1 -1 -1 7 -1 -1 3 -1 9 -1 -1 2 1 -1 -1 -1 -1 8 -1 -1 -1 -1 0
16 4 3 -1 2 22 20 12 13 -1 15 1 9 -1 11 14 7 23 -1 8 24 -1 6 19 10 21 17 -1 18 5 0
3 10 22 -1 18 16 24 20 7 -1 0 4 2 -1 6 8 9 15 -1 23 21 -1 13 12 11 17 14 -1 5 19 1
2 3 15 -1 20 12 16 6 18 -1 21 1 17 -1 14 11 5 23 -1 10 19 -1 22 4 7 24 8 -1 13 9 0
10 -1 2 -1 9 8 -1 -1 -1 -1 -1 6 -1 -1 5 -1 3 -1 -1 4 1 -1 -1 -1 -1 7 -1 -1 -1 -1 0
9 -1 7 -1 10 1 -1 -1 -1 -1 -1 2 -1 -1 3 -1 5 -1 -1 6 4 -1 -1 -1 -1 8 -1 -1 -1 -1 0
23 19 9 -1 20 12 10 2 17 -1 7 4 8 -1 1 6 14 13 -1 11 3 -1 5 16 21 22 15 -1 18 24 0
5 23 6 -1 17 9 22 8 10 -1 21 11 24 -1 14 0 15 7 -1 12 16 -1 19 20 13 2 3 -1 4 18 1
8 19 16 -1 11 18 12 3 22 -1 10 2 5 -1 14 7 0 6 -1 13 17 -1 9 24 15 20 23 -1 21 4 1
4 -1 1 -1 2 3 -1 -1 -1 -1 -1 9 -1 -1 7 -1 6 -1 -1 5 8 -1 -1 -1 -1 10 -1 -1 -1 -1 0
4 15 6 -1 7 9 14 22 23 -1 17 24 2 -1 19 18 3 13 -1 16 5 -1 11 10 20 12 8 -1 1 21 0
18 7 13 -1 22 17 6 21 16 -1 4 15 9 -1 23 10 2 19 -1 1 14 -1 12 3 8 5 11 -1 24 20 0
19 22 17 -1 13 14 11 20 15 -1 4 7 21 -1 5 12 10 9 -1 3 0 -1 16 8 6 2 18 -1 23 24 1
4 2 17 25 24 8 26 11 28 6 18 5 29 20 9 3 10 13 12 23 14 0 22 30 27 19 21 15 16 7 1
6 -1 5 -1 3 7 -1 -1 -1 -1 -1 8 -1 -1 12 -1 9 -1 -1 1 2 11 -1 -1 -1 4 -1 10 -1 -1 0
4 10 14 -1 9 24 16 8 5 -1 19 23 11 -1 2 18 7 15 -1 3 13 -1 21 0 20 12 6 -1 17 22 1
16 6 18 2 24 19 7 8 11 30 27 5 3 21 14 4 17 12 20 26 15 13 9 28 0 23 25 22 29 10 1
9 -1 5 -1 4 7 -1 -1 -1 -1 -1 8 -1 -1 6 -1 3 -1 -1 2 10 -1 -1 -1 -1 0 -1 -1 -1 -1 1
22 14 19 -1 13 21 16 20 12 -1 7 8 10 -1 6 3 23 18 -1 15 5 -1 2 24 4 17 0 -1 11 9 1
20 1 23 -1 13 15 11 22 24 -1 16 5 6 -1 9 19 2 12 -1 14 21 -1 17 7 18 10 8 -1 4 3 0
1 -1 9 -1 2 3 -1 -1 -1 -1 -1 8 -1 -1 6 -1 7 -1 -1 4 5 -1 -1 -1 -1 10 -1 -1 -1 -1 0
2 -1 5 -1 10 4 -1 -1 -1 -1 -1 9 -1 -1 6 -1 8 -1 -1 3 7 -1 -1 -1 -1 1 -1 -1 -1 -1 0
