30
3
A O O A O O B A A A O A AB O O A O A O A B A A O B A O O B O
A A AB O O O O O A O O B A O A O O A O A B O A O A O O O A O
A A A
0 1 3 4 5 6 7 8 9 10 12 13 14 15 16 17 18 19 21 22 23 24 25 26 27 28 29
3 4 5 6 7 9 10 13 15 16 18 21 23 25 26 27 29
3 4 5 6 7 9 10 13 15 16 18 21 23 25 26 27 29
0 1 3 4 5 6 7 8 9 10 12 13 14 15 16 17 18 19 21 22 23 24 25 26 27 28 29
3 4 5 6 7 9 10 13 15 16 18 21 23 25 26 27 29
3 4 5 6 7 9 10 13 15 16 18 21 23 25 26 27 29
3 4 5 6 7 9 10 11 13 15 16 18 20 21 23 25 26 27 29
0 1 3 4 5 6 7 8 9 10 12 13 14 15 16 17 18 19 21 22 23 24 25 26 27 28 29
0 1 3 4 5 6 7 8 9 10 12 13 14 15 16 17 18 19 21 22 23 24 25 26 27 28 29
0 1 3 4 5 6 7 8 9 10 12 13 14 15 16 17 18 19 21 22 23 24 25 26 27 28 29
3 4 5 6 7 9 10 13 15 16 18 21 23 25 26 27 29
0 1 3 4 5 6 7 8 9 10 12 13 14 15 16 17 18 19 21 22 23 24 25 26 27 28 29
0 1 2 3 4 5 6 7 8 9 10 11 12 13 14 15 16 17 18 19 20 21 22 23 24 25 26 27 28 29
3 4 5 6 7 9 10 13 15 16 18 21 23 25 26 27 29
3 4 5 6 7 9 10 13 15 16 18 21 23 25 26 27 29
0 1 3 4 5 6 7 8 9 10 12 13 14 15 16 17 18 19 21 22 23 24 25 26 27 28 29
3 4 5 6 7 9 10 13 15 16 18 21 23 25 26 27 29
0 1 3 4 5 6 7 8 9 10 12 13 14 15 16 17 18 19 21 22 23 24 25 26 27 28 29
3 4 5 6 7 9 10 13 15 16 18 21 23 25 26 27 29
0 1 3 4 5 6 7 8 9 10 12 13 14 15 16 17 18 19 21 22 23 24 25 26 27 28 29
3 4 5 6 7 9 10 11 13 15 16 18 20 21 23 25 26 27 29
0 1 3 4 5 6 7 8 9 10 12 13 14 15 16 17 18 19 21 22 23 24 25 26 27 28 29
0 1 3 4 5 6 7 8 9 10 12 13 14 15 16 17 18 19 21 22 23 24 25 26 27 28 29
3 4 5 6 7 9 10 13 15 16 18 21 23 25 26 27 29
3 4 5 6 7 9 10 11 13 15 16 18 20 21 23 25 26 27 29
0 1 3 4 5 6 7 8 9 10 12 13 14 15 16 17 18 19 21 22 23 24 25 26 27 28 29
3 4 5 6 7 9 10 13 15 16 18 21 23 25 26 27 29
3 4 5 6 7 9 10 13 15 16 18 21 23 25 26 27 29
3 4 5 6 7 9 10 11 13 15 16 18 20 21 23 25 26 27 29
3 4 5 6 7 9 10 13 15 16 18 21 23 25 26 27 29
1 3 -1 6 14 5 25 2 24 15 21 -1 12 11 16 20 18 4 17 23 -1 7 10 13 27 22 19 8 26 9 0
-1 -1 -1 13 4 8 11 16 -1 3 2 -1 -1 9 -1 12 7 -1 15 -1 -1 6 -1 1 -1 5 17 14 -1 10 0
-1 -1 -1 11 13 17 2 12 -1 6 14 -1 -1 10 -1 7 8 -1 16 -1 -1 3 -1 5 -1 1 15 4 -1 9 0
6 13 -1 0 10 20 5 17 23 18 14 -1 11 21 2 7 27 25 4 8 -1 3 9 24 16 22 15 26 12 19 1
-1 -1 -1 6 0 11 15 7 -1 13 3 -1 -1 14 -1 10 12 -1 16 -1 -1 8 -1 4 -1 5 2 9 -1 17 1
-1 -1 -1 10 17 1 3 8 -1 7 9 -1 -1 13 -1 14 12 -1 2 -1 -1 5 -1 4 -1 16 11 6 -1 15 0
-1 -1 -1 6 13 11 1 8 -1 2 9 15 -1 17 -1 14 10 -1 19 -1 18 16 -1 5 -1 4 7 3 -1 12 0
15 3 -1 24 14 5 18 0 4 2 21 -1 20 22 11 27 23 9 19 13 -1 17 16 26 6 12 7 8 10 25 1
26 3 -1 4 2 20 8 16 1 9 21 -1 18 17 6 12 10 5 25 7 -1 19 24 15 27 22 14 23 11 13 0
3 18 -1 17 23 9 27 15 12 1 21 -1 26 16 8 7 14 2 4 25 -1 19 10 13 11 5 20 6 24 22 0
-1 -1 -1 8 6 3 9 11 -1 5 1 -1 -1 16 -1 2 4 -1 17 -1 -1 10 -1 14 -1 7 15 12 -1 13 0
14 24 -1 15 2 6 5 22 7 18 3 -1 21 23 19 20 27 9 12 1 -1 17 26 25 11 4 16 8 10 13 0
20 27 17 14 10 8 7 2 5 24 13 21 1 11 28 15 23 18 3 26 4 9 16 6 25 19 22 29 30 12 0
-1 -1 -1 14 10 15 11 13 -1 7 12 -1 -1 0 -1 6 4 -1 8 -1 -1 17 -1 2 -1 16 9 3 -1 5 1
-1 -1 -1 4 5 2 14 11 -1 13 7 -1 -1 6 -1 10 12 -1 17 -1 -1 1 -1 3 -1 16 15 9 -1 8 0
7 16 -1 20 15 14 12 26 22 18 9 -1 11 8 27 1 5 23 21 24 -1 10 3 13 25 2 17 4 6 19 0
-1 -1 -1 16 7 6 2 5 -1 13 15 -1 -1 12 -1 3 0 -1 8 -1 -1 17 -1 10 -1 14 9 4 -1 11 1
22 15 -1 4 7 27 26 12 5 6 19 -1 20 17 2 24 21 1 14 11 -1 18 16 13 10 3 23 8 9 25 0
-1 -1 -1 5 12 10 6 7 -1 4 11 -1 -1 8 -1 15 16 -1 0 -1 -1 17 -1 2 -1 9 3 13 -1 14 1
25 3 -1 13 15 2 19 23 14 10 24 -1 8 16 18 6 7 12 22 1 -1 20 27 11 4 17 26 5 9 21 0
-1 -1 -1 19 17 9 3 5 -1 4 6 11 -1 13 -1 7 15 -1 2 -1 0 12 -1 14 -1 10 8 16 -1 18 1
20 13 -1 26 7 27 25 24 22 14 6 -1 16 18 2 3 21 17 15 19 -1 0 9 12 10 11 5 8 23 4 1
25 27 -1 19 17 13 14 24 21 11 15 -1 18 8 6 10 4 9 20 12 -1 26 0 22 2 5 3 16 23 7 1
-1 -1 -1 6 8 17 3 11 -1 2 14 -1 -1 9 -1 15 13 -1 16 -1 -1 12 -1 1 -1 7 5 10 -1 4 0
-1 -1 -1 7 19 11 4 2 -1 16 14 10 -1 1 -1 13 18 -1 9 -1 6 5 -1 12 -1 8 3 17 -1 15 0
7 15 -1 18 2 9 10 19 23 3 6 -1 22 25 21 26 8 27 20 5 -1 16 24 12 4 1 13 11 17 14 0
-1 -1 -1 4 16 2 15 10 -1 3 9 -1 -1 13 -1 11 8 -1 14 -1 -1 5 -1 12 -1 7 1 6 -1 17 0
-1 -1 -1 9 8 13 12 7 -1 17 3 -1 -1 11 -1 5 16 -1 10 -1 -1 6 -1 14 -1 4 15 1 -1 2 0
-1 -1 -1 4 12 18 1 9 -1 7 5 15 -1 6 -1 17 10 -1 19 -1 2 8 -1 13 -1 16 14 11 -1 3 0
-1 -1 -1 3 9 17 13 2 -1 11 5 -1 -1 8 -1 15 16 -1 7 -1 -1 14 -1 6 -1 10 4 12 -1 1 0
