30
3
A A A O O O O A O A AB B O A A A O O A A A O A A A A A A B O
B O O AB O A A B O A O A O B A O O A A A A A O O O O O A O B
O A B
1 2 4 5 6 8 9 10 11 12 14 15 16 17 18 19 20 21 22 23 24 25 26 27 28
1 2 4 5 6 8 9 10 11 12 14 15 16 17 18 19 20 21 22 23 24 25 26 27 28
1 2 4 5 6 8 9 10 11 12 14 15 16 17 18 19 20 21 22 23 24 25 26 27 28
1 2 4 8 10 12 15 16 22 23 24 25 26 28
1 2 4 8 10 12 15 16 22 23 24 25 26 28
1 2 4 8 10 12 15 16 22 23 24 25 26 28
1 2 4 8 10 12 15 16 22 23 24 25 26 28
1 2 4 5 6 8 9 10 11 12 14 15 16 17 18 19 20 21 22 23 24 25 26 27 28
1 2 4 8 10 12 15 16 22 23 24 25 26 28
1 2 4 5 6 8 9 10 11 12 14 15 16 17 18 19 20 21 22 23 24 25 26 27 28
0 1 2 3 4 5 6 7 8 9 10 11 12 13 14 15 16 17 18 19 20 21 22 23 24 25 26 27 28 29
0 1 2 4 7 8 10 12 13 15 16 22 23 24 25 26 28 29
1 2 4 8 10 12 15 16 22 23 24 25 26 28
1 2 4 5 6 8 9 10 11 12 14 15 16 17 18 19 20 21 22 23 24 25 26 27 28
1 2 4 5 6 8 9 10 11 12 14 15 16 17 18 19 20 21 22 23 24 25 26 27 28
1 2 4 5 6 8 9 10 11 12 14 15 16 17 18 19 20 21 22 23 24 25 26 27 28
1 2 4 8 10 12 15 16 22 23 24 25 26 28
1 2 4 8 10 12 15 16 22 23 24 25 26 28
1 2 4 5 6 8 9 10 11 12 14 15 16 17 18 19 20 21 22 23 24 25 26 27 28
1 2 4 5 6 8 9 10 11 12 14 15 16 17 18 19 20 21 22 23 24 25 26 27 28
1 2 4 5 6 8 9 10 11 12 14 15 16 17 18 19 20 21 22 23 24 25 26 27 28
1 2 4 8 10 12 15 16 22 23 24 25 26 28
1 2 4 5 6 8 9 10 11 12 14 15 16 17 18 19 20 21 22 23 24 25 26 27 28
1 2 4 5 6 8 9 10 11 12 14 15 16 17 18 19 20 21 22 23 24 25 26 27 28
1 2 4 5 6 8 9 10 11 12 14 15 16 17 18 19 20 21 22 23 24 25 26 27 28
1 2 4 5 6 8 9 10 11 12 14 15 16 17 18 19 20 21 22 23 24 25 26 27 28
1 2 4 5 6 8 9 10 11 12 14 15 16 17 18 19 20 21 22 23 24 25 26 27 28
1 2 4 5 6 8 9 10 11 12 14 15 16 17 18 19 20 21 22 23 24 25 26 27 28
0 1 2 4 7 8 10 12 13 15 16 22 23 24 25 26 28 29
1 2 4 8 10 12 15 16 22 23 24 25 26 28
-1 13 11 -1 16 24 21 -1 14 10 17 25 7 -1 12 8 3 6 4 5 19 9 20 1 23 22 15 18 2 -1 0
-1 1 7 -1 18 22 20 -1 11 6 24 3 10 -1 25 17 9 16 12 2 4 23 21 15 8 14 13 19 5 -1 0
-1 12 1 -1 14 18 8 -1 24 7 17 9 19 -1 13 21 23 3 6 15 10 25 22 4 11 2 20 5 16 -1 0
-1 3 2 -1 7 -1 -1 -1 9 -1 12 -1 10 -1 -1 1 5 -1 -1 -1 -1 -1 13 14 6 11 4 -1 8 -1 0
-1 5 6 -1 1 -1 -1 -1 14 -1 3 -1 11 -1 -1 4 8 -1 -1 -1 -1 -1 2 9 10 12 13 -1 7 -1 0
-1 4 7 -1 13 -1 -1 -1 2 -1 12 -1 9 -1 -1 6 5 -1 -1 -1 -1 -1 14 8 1 10 3 -1 11 -1 0
-1 9 3 -1 14 -1 -1 -1 11 -1 7 -1 12 -1 -1 4 6 -1 -1 -1 -1 -1 13 2 8 1 10 -1 5 -1 0
-1 19 2 -1 20 3 17 -1 16 21 24 25 1 -1 11 18 23 12 15 10 7 13 4 9 8 14 22 5 6 -1 0
-1 13 9 -1 7 -1 -1 -1 0 -1 12 -1 4 -1 -1 14 6 -1 -1 -1 -1 -1 11 2 10 3 8 -1 5 -1 1
-1 3 23 -1 24 19 11 -1 8 0 5 21 9 -1 18 12 17 15 4 6 2 7 16 20 10 14 25 22 13 -1 1
6 17 29 28 2 16 18 5 23 21 1 9 7 19 11 22 12 14 8 10 3 20 30 15 4 25 27 26 13 24 0
7 15 16 -1 12 -1 -1 10 9 -1 11 -1 1 17 -1 8 18 -1 -1 -1 -1 -1 14 3 13 5 6 -1 4 2 0
-1 7 5 -1 2 -1 -1 -1 13 -1 8 -1 0 -1 -1 14 10 -1 -1 -1 -1 -1 3 12 4 6 9 -1 11 -1 1
-1 8 14 -1 11 18 22 -1 13 3 24 20 23 -1 21 19 5 2 1 7 16 4 15 10 12 6 9 25 17 -1 0
-1 9 8 -1 13 25 10 -1 4 18 2 12 14 -1 0 11 3 24 6 16 5 17 15 7 23 21 20 19 22 -1 1
-1 4 16 -1 17 7 24 -1 19 20 11 2 3 -1 22 1 12 6 8 23 13 15 9 10 21 18 25 5 14 -1 0
-1 3 6 -1 12 -1 -1 -1 9 -1 11 -1 4 -1 -1 7 1 -1 -1 -1 -1 -1 13 2 14 10 8 -1 5 -1 0
-1 14 10 -1 9 -1 -1 -1 4 -1 7 -1 8 -1 -1 13 1 -1 -1 -1 -1 -1 3 12 5 11 2 -1 6 -1 0
-1 14 3 -1 9 24 22 -1 12 18 21 23 8 -1 25 20 7 2 0 16 6 17 4 11 15 19 10 13 5 -1 1
-1 11 17 -1 13 6 19 -1 23 14 3 20 16 -1 2 18 24 15 10 0 22 12 4 5 25 9 21 8 7 -1 1
-1 8 21 -1 13 15 14 -1 3 2 22 24 5 -1 17 4 11 9 7 10 1 25 12 6 23 20 16 18 19 -1 0
-1 4 12 -1 1 -1 -1 -1 5 -1 7 -1 6 -1 -1 14 2 -1 -1 -1 -1 -1 3 11 10 13 9 -1 8 -1 0
-1 2 5 -1 18 13 22 -1 8 9 11 16 21 -1 15 6 14 4 10 12 17 20 1 25 19 7 24 23 3 -1 0
-1 23 19 -1 6 15 12 -1 13 2 25 5 17 -1 8 24 11 16 7 4 14 22 20 1 3 21 18 9 10 -1 0
-1 6 18 -1 13 11 8 -1 16 23 25 15 20 -1 21 14 2 12 10 24 7 9 17 22 0 5 3 4 19 -1 1
-1 19 21 -1 11 14 12 -1 24 15 8 4 23 -1 9 20 25 18 16 6 7 5 3 17 13 1 2 22 10 -1 0
-1 10 11 -1 15 17 16 -1 19 5 23 8 20 -1 14 3 6 13 4 9 24 25 2 7 22 21 0 12 18 -1 1
-1 25 7 -1 8 10 3 -1 21 6 14 24 5 -1 19 12 13 15 16 18 20 9 2 4 23 11 22 1 17 -1 0
6 13 18 -1 15 -1 -1 12 7 -1 3 -1 8 16 -1 5 17 -1 -1 -1 -1 -1 2 4 14 9 10 -1 1 11 0
-1 4 13 -1 12 -1 -1 -1 11 -1 7 -1 2 -1 -1 1 14 -1 -1 -1 -1 -1 8 5 6 9 10 -1 3 -1 0
