30
3
A B O O O A O O O AB A O O A A A B A A A A A A A O O O B B A
A A A O A O A O A O O AB O A O A B A B O O A B O O O B A O A
O O O
0 1 2 3 4 5 6 7 8 9 10 12 13 14 15 17 19 20 21 23 24 25 27 28 29
3 5 7 9 10 12 14 16 18 19 20 22 23 24 25 26 28
3 5 7 9 10 12 14 19 20 23 24 25 28
3 5 7 9 10 12 14 19 20 23 24 25 28
3 5 7 9 10 12 14 19 20 23 24 25 28
0 1 2 3 4 5 6 7 8 9 10 12 13 14 15 17 19 20 21 23 24 25 27 28 29
3 5 7 9 10 12 14 19 20 23 24 25 28
3 5 7 9 10 12 14 19 20 23 24 25 28
3 5 7 9 10 12 14 19 20 23 24 25 28
0 1 2 3 4 5 6 7 8 9 10 11 12 13 14 15 16 17 18 19 20 21 22 23 24 25 26 27 28 29
0 1 2 3 4 5 6 7 8 9 10 12 13 14 15 17 19 20 21 23 24 25 27 28 29
3 5 7 9 10 12 14 19 20 23 24 25 28
3 5 7 9 10 12 14 19 20 23 24 25 28
0 1 2 3 4 5 6 7 8 9 10 12 13 14 15 17 19 20 21 23 24 25 27 28 29
0 1 2 3 4 5 6 7 8 9 10 12 13 14 15 17 19 20 21 23 24 25 27 28 29
0 1 2 3 4 5 6 7 8 9 10 12 13 14 15 17 19 20 21 23 24 25 27 28 29
3 5 7 9 10 12 14 16 18 19 20 22 23 24 25 26 28
0 1 2 3 4 5 6 7 8 9 10 12 13 14 15 17 19 20 21 23 24 25 27 28 29
0 1 2 3 4 5 6 7 8 9 10 12 13 14 15 17 19 20 21 23 24 25 27 28 29
0 1 2 3 4 5 6 7 8 9 10 12 13 14 15 17 19 20 21 23 24 25 27 28 29
0 1 2 3 4 5 6 7 8 9 10 12 13 14 15 17 19 20 21 23 24 25 27 28 29
0 1 2 3 4 5 6 7 8 9 10 12 13 14 15 17 19 20 21 23 24 25 27 28 29
0 1 2 3 4 5 6 7 8 9 10 12 13 14 15 17 19 20 21 23 24 25 27 28 29
0 1 2 3 4 5 6 7 8 9 10 12 13 14 15 17 19 20 21 23 24 25 27 28 29
3 5 7 9 10 12 14 19 20 23 24 25 28
3 5 7 9 10 12 14 19 20 23 24 25 28
3 5 7 9 10 12 14 19 20 23 24 25 28
3 5 7 9 10 12 14 16 18 19 20 22 23 24 25 26 28
3 5 7 9 10 12 14 16 18 19 20 22 23 24 25 26 28
0 1 2 3 4 5 6 7 8 9 10 12 13 14 15 17 19 20 21 23 24 25 27 28 29
22 18 12 4 11 10 6 25 20 19 13 -1 8 16 17 23 -1 3 -1 24 14 1 -1 2 5 15 -1 9 7 21 0
-1 1 -1 9 -1 8 -1 10 -1 5 16 -1 13 -1 2 -1 6 -1 11 12 4 -1 14 18 15 17 7 -1 3 -1 0
-1 -1 1 7 -1 4 -1 8 -1 9 11 -1 14 -1 10 -1 -1 -1 -1 6 3 -1 -1 12 2 13 -1 -1 5 -1 0
-1 -1 -1 1 -1 11 -1 10 -1 7 4 -1 13 -1 6 -1 -1 -1 -1 12 8 -1 -1 5 2 9 -1 -1 3 -1 0
-1 -1 -1 8 0 5 -1 2 -1 11 4 -1 13 -1 14 -1 -1 -1 -1 12 7 -1 -1 6 3 10 -1 -1 9 -1 1
4 2 25 18 12 17 8 23 15 13 7 -1 1 6 14 10 -1 3 -1 19 24 21 -1 5 9 22 -1 20 11 16 0
-1 -1 -1 3 -1 2 0 8 -1 6 5 -1 7 -1 4 -1 -1 -1 -1 10 12 -1 -1 9 14 11 -1 -1 13 -1 1
-1 -1 -1 4 -1 5 -1 11 -1 2 1 -1 13 -1 9 -1 -1 -1 -1 10 3 -1 -1 7 6 12 -1 -1 8 -1 0
-1 -1 -1 7 -1 13 -1 4 0 3 14 -1 10 -1 11 -1 -1 -1 -1 12 8 -1 -1 6 9 2 -1 -1 5 -1 1
1 9 27 2 20 7 10 21 16 12 15 4 28 3 23 13 17 14 18 24 30 6 19 29 26 25 22 8 5 11 0
15 22 8 12 4 13 25 5 21 1 9 -1 17 23 6 11 -1 7 -1 3 19 18 -1 16 20 24 -1 10 2 14 0
-1 -1 -1 11 -1 5 -1 13 -1 7 12 0 10 -1 4 -1 -1 -1 -1 8 6 -1 -1 2 14 9 -1 -1 3 -1 1
-1 -1 -1 9 -1 7 -1 6 -1 3 12 -1 10 -1 2 -1 -1 -1 -1 5 1 -1 -1 8 13 4 -1 -1 11 -1 0
12 15 1 4 5 19 18 6 3 16 20 -1 7 22 23 24 -1 25 -1 9 13 14 -1 10 21 8 -1 17 2 11 0
25 16 4 21 22 14 23 13 2 20 19 -1 24 12 9 15 -1 11 -1 1 7 8 -1 18 17 5 -1 10 6 3 0
12 8 16 24 15 10 9 18 19 17 3 -1 23 1 25 13 -1 6 -1 21 4 14 -1 7 2 22 -1 20 11 5 0
-1 -1 -1 5 -1 8 -1 1 -1 11 16 -1 2 -1 6 -1 12 -1 9 13 10 -1 7 14 3 4 15 -1 17 -1 0
23 20 10 25 3 7 24 9 6 11 21 -1 12 4 14 1 -1 19 -1 2 22 17 -1 15 8 5 -1 18 16 13 0
2 24 21 20 16 9 5 12 25 18 6 -1 8 4 3 26 -1 23 0 11 15 10 -1 22 14 17 -1 7 19 13 1
15 12 11 5 4 7 19 24 14 17 13 -1 25 18 8 2 -1 6 -1 20 3 10 -1 1 16 9 -1 23 22 21 0
4 19 21 6 8 3 20 2 23 15 17 -1 5 11 24 10 -1 12 -1 1 25 14 -1 22 18 13 -1 7 9 16 0
1 6 10 19 4 12 2 16 15 20 17 -1 5 3 14 23 -1 25 -1 24 22 8 -1 18 9 7 -1 11 13 21 0
7 2 22 10 3 15 18 16 4 24 5 -1 13 11 14 20 -1 9 -1 23 17 19 1 8 21 12 -1 26 25 6 0
24 9 12 2 18 23 13 25 1 16 20 -1 14 8 5 6 -1 21 -1 17 10 11 -1 22 3 7 -1 19 15 4 0
-1 -1 -1 10 -1 2 -1 3 -1 1 4 -1 5 -1 13 -1 -1 -1 -1 6 11 -1 -1 9 12 8 -1 -1 7 -1 0
-1 -1 -1 11 -1 13 -1 4 -1 5 3 -1 12 -1 6 -1 -1 -1 -1 10 2 -1 -1 8 9 1 -1 -1 7 -1 0
-1 -1 -1 3 -1 12 -1 9 -1 7 2 -1 6 -1 10 -1 -1 -1 -1 8 11 -1 -1 13 4 14 1 -1 5 -1 0
-1 -1 -1 17 -1 6 -1 13 -1 12 10 -1 18 -1 8 -1 4 -1 14 3 5 -1 15 7 9 2 16 0 11 -1 1
-1 -1 -1 8 -1 15 -1 6 -1 11 12 -1 7 -1 4 -1 10 -1 3 9 14 -1 16 1 2 17 13 -1 5 -1 0
11 7 13 14 12 23 18 21 20 2 25 -1 4 17 5 3 -1 15 -1 19 16 1 -1 8 22 9 -1 24 10 6 0
