30
3
A A O A A O A A A O O AB O A A O A O O A O O A O O O B B A O
A A O A A A B AB A O A O A O B A O A O O O A A B O A O O O B
O O O
0 1 2 3 4 5 8 9 10 11 12 13 15 16 17 18 19 20 21 22 24 25 26 27 28
0 1 2 3 4 5 8 9 10 11 12 13 15 16 17 18 19 20 21 22 24 25 26 27 28
2 9 11 13 16 18 19 20 24 26 27 28
0 1 2 3 4 5 8 9 10 11 12 13 15 16 17 18 19 20 21 22 24 25 26 27 28
0 1 2 3 4 5 8 9 10 11 12 13 15 16 17 18 19 20 21 22 24 25 26 27 28
2 9 11 13 16 18 19 20 24 26 27 28
0 1 2 3 4 5 8 9 10 11 12 13 15 16 17 18 19 20 21 22 24 25 26 27 28
0 1 2 3 4 5 8 9 10 11 12 13 15 16 17 18 19 20 21 22 24 25 26 27 28
0 1 2 3 4 5 8 9 10 11 12 13 15 16 17 18 19 20 21 22 24 25 26 27 28
2 9 11 13 16 18 19 20 24 26 27 28
2 9 11 13 16 18 19 20 24 26 27 28
0 1 2 3 4 5 6 7 8 9 10 11 12 13 14 15 16 17 18 19 20 21 22 23 24 25 26 27 28 29
2 9 11 13 16 18 19 20 24 26 27 28
0 1 2 3 4 5 8 9 10 11 12 13 15 16 17 18 19 20 21 22 24 25 26 27 28
0 1 2 3 4 5 8 9 10 11 12 13 15 16 17 18 19 20 21 22 24 25 26 27 28
2 9 11 13 16 18 19 20 24 26 27 28
0 1 2 3 4 5 8 9 10 11 12 13 15 16 17 18 19 20 21 22 24 25 26 27 28
2 9 11 13 16 18 19 20 24 26 27 28
2 9 11 13 16 18 19 20 24 26 27 28
0 1 2 3 4 5 8 9 10 11 12 13 15 16 17 18 19 20 21 22 24 25 26 27 28
2 9 11 13 16 18 19 20 24 26 27 28
2 9 11 13 16 18 19 20 24 26 27 28
0 1 2 3 4 5 8 9 10 11 12 13 15 16 17 18 19 20 21 22 24 25 26 27 28
2 9 11 13 16 18 19 20 24 26 27 28
2 9 11 13 16 18 19 20 24 26 27 28
2 9 11 13 16 18 19 20 24 26 27 28
2 6 9 11 13 14 16 18 19 20 23 24 26 27 28 29
2 6 9 11 13 14 16 18 19 20 23 24 26 27 28 29
0 1 2 3 4 5 8 9 10 11 12 13 15 16 17 18 19 20 21 22 24 25 26 27 28
2 9 11 13 16 18 19 20 24 26 27 28
-1 11 4 17 23 5 -1 -1 16 2 13 18 12 6 -1 15 22 25 8 19 24 3 14 -1 20 21 10 1 9 -1 0
21 -1 7 11 12 3 -1 -1 13 19 1 4 10 16 -1 22 9 17 18 5 15 20 2 -1 23 6 8 14 25 -1 0
-1 -1 -1 -1 -1 -1 -1 -1 -1 12 -1 8 -1 1 -1 -1 9 -1 7 3 10 -1 -1 -1 2 -1 5 11 4 -1 0
24 10 14 -1 5 4 -1 -1 19 11 22 3 17 12 -1 23 7 18 8 15 20 6 1 -1 16 21 25 13 2 -1 0
5 21 8 7 -1 22 -1 -1 12 13 15 11 9 24 -1 1 6 2 17 20 3 16 23 -1 19 4 14 18 10 -1 0
-1 -1 6 -1 -1 0 -1 -1 -1 3 -1 7 -1 9 -1 -1 11 -1 13 10 12 -1 -1 -1 8 -1 2 5 4 -1 1
5 25 4 6 8 18 1 -1 14 12 13 15 20 11 -1 26 17 19 22 3 7 10 23 -1 24 9 21 2 16 -1 0
11 21 17 14 23 22 -1 0 15 19 24 9 6 5 -1 26 12 25 20 2 8 18 16 -1 3 7 13 10 4 -1 1
25 5 16 4 10 9 -1 -1 -1 24 7 22 20 3 -1 12 17 21 18 19 14 11 13 -1 15 6 1 23 8 -1 0
-1 -1 1 -1 -1 -1 -1 -1 -1 -1 -1 2 -1 5 -1 -1 10 -1 11 12 9 -1 -1 -1 4 -1 8 7 6 -1 0
-1 -1 2 -1 -1 -1 -1 -1 -1 6 1 5 -1 12 -1 -1 10 -1 11 9 3 -1 -1 -1 8 -1 13 7 4 -1 0
14 5 30 1 17 16 20 18 22 11 6 -1 15 7 2 25 19 21 13 4 28 9 3 24 8 29 26 27 23 10 0
-1 -1 8 -1 -1 -1 -1 -1 -1 7 -1 10 1 9 -1 -1 5 -1 6 3 2 -1 -1 -1 4 -1 13 12 11 -1 0
15 24 7 22 1 18 -1 -1 23 14 12 17 13 -1 -1 5 19 8 10 2 3 11 6 -1 25 21 16 4 9 -1 0
21 8 26 23 2 13 -1 -1 20 19 4 5 18 24 0 16 12 17 25 6 15 11 9 -1 14 10 3 22 7 -1 1
-1 -1 11 -1 -1 -1 -1 -1 -1 12 -1 10 -1 8 -1 1 3 -1 2 4 6 -1 -1 -1 13 -1 9 7 5 -1 0
19 20 5 4 18 7 -1 -1 21 25 10 6 1 11 -1 3 -1 2 15 14 24 9 23 -1 22 8 16 12 17 -1 0
-1 -1 12 -1 -1 -1 -1 -1 -1 2 -1 11 -1 9 -1 -1 7 1 5 3 10 -1 -1 -1 6 -1 4 8 13 -1 0
-1 -1 8 -1 -1 -1 -1 -1 -1 2 -1 10 -1 3 -1 -1 6 -1 -1 5 9 -1 -1 -1 12 -1 7 4 11 -1 0
1 24 2 25 22 3 -1 -1 21 15 5 13 23 9 -1 4 14 6 19 -1 8 10 16 -1 11 17 7 12 18 -1 0
-1 -1 5 -1 -1 -1 -1 -1 -1 8 -1 7 -1 11 -1 -1 4 -1 3 12 -1 -1 -1 -1 6 -1 2 9 10 -1 0
-1 -1 3 -1 -1 -1 -1 -1 -1 10 -1 2 -1 12 -1 -1 13 -1 9 11 6 0 -1 -1 8 -1 5 7 4 -1 1
7 10 12 3 4 22 -1 -1 18 19 23 24 8 16 -1 15 1 11 21 5 17 2 -1 -1 20 9 6 13 25 -1 0
-1 -1 11 -1 -1 -1 -1 -1 -1 4 -1 10 -1 9 -1 -1 5 -1 6 7 2 -1 -1 0 12 -1 3 13 8 -1 1
-1 -1 3 -1 -1 -1 -1 -1 -1 6 -1 7 -1 5 -1 -1 2 -1 12 11 4 -1 -1 -1 -1 -1 8 10 9 -1 0
-1 -1 2 -1 -1 -1 -1 -1 -1 7 -1 4 -1 6 -1 -1 3 -1 5 11 9 -1 -1 -1 12 0 8 13 10 -1 1
-1 -1 4 -1 -1 -1 5 -1 -1 9 -1 15 -1 10 13 -1 11 -1 16 12 7 -1 -1 1 8 -1 -1 3 6 2 0
-1 -1 2 -1 -1 -1 4 -1 -1 8 -1 1 -1 15 7 -1 5 -1 12 14 13 -1 -1 3 6 -1 10 -1 9 16 0
21 2 20 3 23 18 -1 -1 24 25 22 15 6 8 -1 9 14 12 10 1 11 17 7 -1 16 13 19 4 -1 -1 0
-1 -1 12 -1 -1 -1 -1 -1 -1 9 -1 11 -1 10 -1 -1 7 -1 6 13 8 -1 -1 -1 5 -1 3 2 4 0 1
