30
3
O B B A A AB B B O O O A A A O AB O O O A B O A O A O O O O A
B A O O A A A O O B O O O O B A O A A A AB O A A O B O A O O
A O A
2 3 7 8 10 11 12 13 16 21 24 26 28 29
0 2 3 7 8 9 10 11 12 13 14 16 21 24 25 26 28 29
0 2 3 7 8 9 10 11 12 13 14 16 21 24 25 26 28 29
1 2 3 4 5 6 7 8 10 11 12 13 15 16 17 18 19 21 22 23 24 26 27 28 29
1 2 3 4 5 6 7 8 10 11 12 13 15 16 17 18 19 21 22 23 24 26 27 28 29
0 1 2 3 4 5 6 7 8 9 10 11 12 13 14 15 16 17 18 19 20 21 22 23 24 25 26 27 28 29
0 2 3 7 8 9 10 11 12 13 14 16 21 24 25 26 28 29
0 2 3 7 8 9 10 11 12 13 14 16 21 24 25 26 28 29
2 3 7 8 10 11 12 13 16 21 24 26 28 29
2 3 7 8 10 11 12 13 16 21 24 26 28 29
2 3 7 8 10 11 12 13 16 21 24 26 28 29
1 2 3 4 5 6 7 8 10 11 12 13 15 16 17 18 19 21 22 23 24 26 27 28 29
1 2 3 4 5 6 7 8 10 11 12 13 15 16 17 18 19 21 22 23 24 26 27 28 29
1 2 3 4 5 6 7 8 10 11 12 13 15 16 17 18 19 21 22 23 24 26 27 28 29
2 3 7 8 10 11 12 13 16 21 24 26 28 29
0 1 2 3 4 5 6 7 8 9 10 11 12 13 14 15 16 17 18 19 20 21 22 23 24 25 26 27 28 29
2 3 7 8 10 11 12 13 16 21 24 26 28 29
2 3 7 8 10 11 12 13 16 21 24 26 28 29
2 3 7 8 10 11 12 13 16 21 24 26 28 29
1 2 3 4 5 6 7 8 10 11 12 13 15 16 17 18 19 21 22 23 24 26 27 28 29
0 2 3 7 8 9 10 11 12 13 14 16 21 24 25 26 28 29
2 3 7 8 10 11 12 13 16 21 24 26 28 29
1 2 3 4 5 6 7 8 10 11 12 13 15 16 17 18 19 21 22 23 24 26 27 28 29
2 3 7 8 10 11 12 13 16 21 24 26 28 29
1 2 3 4 5 6 7 8 10 11 12 13 15 16 17 18 19 21 22 23 24 26 27 28 29
2 3 7 8 10 11 12 13 16 21 24 26 28 29
2 3 7 8 10 11 12 13 16 21 24 26 28 29
2 3 7 8 10 11 12 13 16 21 24 26 28 29
2 3 7 8 10 11 12 13 16 21 24 26 28 29
1 2 3 4 5 6 7 8 10 11 12 13 15 16 17 18 19 21 22 23 24 26 27 28 29
-1 -1 4 14 -1 -1 -1 6 11 -1 5 10 7 1 -1 -1 2 -1 -1 -1 -1 3 -1 -1 13 -1 12 -1 9 8 0
5 -1 17 1 -1 -1 -1 6 15 12 10 16 18 11 8 -1 9 -1 -1 -1 -1 13 -1 -1 2 4 14 -1 3 7 0
14 -1 1 10 -1 -1 -1 17 12 7 16 18 4 11 13 -1 3 -1 -1 -1 -1 5 -1 -1 8 6 15 -1 2 9 0
-1 6 17 1 21 9 14 25 18 -1 13 2 23 5 -1 20 11 7 22 19 -1 15 12 8 4 -1 3 24 10 16 0
-1 23 13 9 1 7 24 11 17 -1 19 20 14 6 -1 3 5 25 21 10 -1 15 2 16 22 -1 12 4 18 8 0
20 30 22 8 17 0 16 24 28 3 25 10 4 27 21 13 2 11 19 15 5 14 9 26 18 6 29 12 7 23 1
2 -1 6 15 -1 -1 -1 7 17 10 4 9 16 12 3 -1 13 -1 -1 -1 -1 1 -1 -1 18 11 8 -1 5 14 0
11 -1 2 14 -1 -1 -1 1 12 17 5 18 7 8 10 -1 6 -1 -1 -1 -1 16 -1 -1 3 4 15 -1 9 13 0
-1 -1 12 3 -1 -1 -1 7 1 -1 13 8 6 5 -1 -1 9 -1 -1 -1 -1 10 -1 -1 14 -1 2 -1 11 4 0
-1 -1 11 2 -1 -1 -1 5 3 -1 4 6 14 13 -1 -1 1 -1 -1 -1 -1 7 -1 -1 12 -1 9 -1 10 8 0
-1 -1 11 5 -1 -1 -1 8 14 -1 1 3 7 6 -1 -1 4 -1 -1 -1 -1 9 -1 -1 10 -1 2 -1 12 13 0
-1 23 12 18 3 19 24 22 5 -1 7 1 15 10 -1 13 17 8 4 20 -1 9 14 25 16 -1 11 2 21 6 0
-1 4 18 6 21 10 11 12 3 -1 24 5 0 22 -1 23 13 25 8 7 -1 20 16 17 14 -1 15 9 19 2 1
-1 11 21 13 3 19 5 18 16 -1 12 17 8 1 -1 10 15 25 7 4 -1 24 9 2 22 -1 14 20 6 23 0
-1 -1 5 8 -1 -1 -1 6 2 -1 3 7 9 12 -1 -1 11 -1 -1 -1 -1 14 -1 -1 4 -1 10 -1 13 1 0
17 14 5 28 19 25 20 29 10 11 30 7 12 16 27 1 4 22 2 6 13 15 9 8 23 26 3 21 18 24 0
-1 -1 14 13 -1 -1 -1 11 2 -1 8 5 7 4 -1 -1 0 -1 -1 -1 -1 6 -1 -1 10 -1 12 -1 3 9 1
-1 -1 5 14 -1 -1 -1 1 9 -1 2 11 3 8 -1 -1 12 -1 -1 -1 -1 7 -1 -1 13 -1 4 -1 6 10 0
-1 -1 1 2 -1 -1 -1 6 12 -1 13 11 4 7 -1 -1 5 -1 -1 -1 -1 3 -1 -1 8 -1 14 -1 10 9 0
-1 14 2 9 24 20 13 18 12 -1 22 3 4 11 -1 16 6 7 5 1 -1 19 10 21 8 -1 17 23 25 15 0
14 -1 10 4 -1 -1 -1 15 16 11 3 6 9 1 13 -1 2 -1 -1 -1 -1 18 -1 -1 17 8 5 -1 12 7 0
-1 -1 9 3 -1 -1 -1 8 6 -1 7 14 11 13 -1 -1 2 -1 -1 -1 -1 0 -1 -1 5 -1 4 -1 10 12 1
-1 25 24 8 10 11 4 3 19 -1 5 9 17 12 -1 14 2 13 16 21 -1 6 1 22 20 -1 7 23 18 15 0
-1 -1 14 5 -1 -1 -1 6 1 -1 12 10 7 13 -1 -1 9 -1 -1 -1 -1 4 -1 -1 2 -1 3 -1 11 8 0
-1 14 4 15 24 16 6 8 9 -1 5 13 17 10 -1 21 25 11 7 12 -1 20 3 18 0 -1 2 23 22 19 1
-1 -1 2 3 -1 -1 -1 4 5 -1 9 14 11 8 -1 -1 10 -1 -1 -1 -1 12 -1 -1 7 -1 6 -1 13 1 0
-1 -1 11 5 -1 -1 -1 12 4 -1 9 8 2 14 -1 -1 3 -1 -1 -1 -1 10 -1 -1 13 -1 1 -1 7 6 0
-1 -1 14 7 -1 -1 -1 3 6 -1 12 10 8 9 -1 -1 1 -1 -1 -1 -1 2 -1 -1 4 -1 5 -1 11 13 0
-1 -1 5 12 -1 -1 -1 10 7 -1 11 4 3 14 -1 -1 6 -1 -1 -1 -1 9 -1 -1 13 -1 2 -1 1 8 0
-1 7 9 21 8 11 19 23 14 -1 2 18 15 16 -1 12 20 3 10 25 -1 17 4 5 24 -1 13 22 6 0 1
