30
3
B A O A A A A B O A A B O O O A A O O B O O A O A B B O O O
A O O O O O O B AB A O A B O O O A A O A O A O A O O B AB AB B
O O A
1 2 3 4 5 6 7 10 12 13 14 15 18 20 22 24 25 26 29
0 1 2 3 4 5 6 9 10 11 13 14 15 16 17 18 19 20 21 22 23 24 25
1 2 3 4 5 6 10 13 14 15 18 20 22 24 25
0 1 2 3 4 5 6 9 10 11 13 14 15 16 17 18 19 20 21 22 23 24 25
0 1 2 3 4 5 6 9 10 11 13 14 15 16 17 18 19 20 21 22 23 24 25
0 1 2 3 4 5 6 9 10 11 13 14 15 16 17 18 19 20 21 22 23 24 25
0 1 2 3 4 5 6 9 10 11 13 14 15 16 17 18 19 20 21 22 23 24 25
1 2 3 4 5 6 7 10 12 13 14 15 18 20 22 24 25 26 29
1 2 3 4 5 6 10 13 14 15 18 20 22 24 25
0 1 2 3 4 5 6 9 10 11 13 14 15 16 17 18 19 20 21 22 23 24 25
0 1 2 3 4 5 6 9 10 11 13 14 15 16 17 18 19 20 21 22 23 24 25
1 2 3 4 5 6 7 10 12 13 14 15 18 20 22 24 25 26 29
1 2 3 4 5 6 10 13 14 15 18 20 22 24 25
1 2 3 4 5 6 10 13 14 15 18 20 22 24 25
1 2 3 4 5 6 10 13 14 15 18 20 22 24 25
0 1 2 3 4 5 6 9 10 11 13 14 15 16 17 18 19 20 21 22 23 24 25
0 1 2 3 4 5 6 9 10 11 13 14 15 16 17 18 19 20 21 22 23 24 25
1 2 3 4 5 6 10 13 14 15 18 20 22 24 25
1 2 3 4 5 6 10 13 14 15 18 20 22 24 25
1 2 3 4 5 6 7 10 12 13 14 15 18 20 22 24 25 26 29
1 2 3 4 5 6 10 13 14 15 18 20 22 24 25
1 2 3 4 5 6 10 13 14 15 18 20 22 24 25
0 1 2 3 4 5 6 9 10 11 13 14 15 16 17 18 19 20 21 22 23 24 25
1 2 3 4 5 6 10 13 14 15 18 20 22 24 25
0 1 2 3 4 5 6 9 10 11 13 14 15 16 17 18 19 20 21 22 23 24 25
1 2 3 4 5 6 7 10 12 13 14 15 18 20 22 24 25 26 29
1 2 3 4 5 6 7 10 12 13 14 15 18 20 22 24 25 26 29
1 2 3 4 5 6 10 13 14 15 18 20 22 24 25
1 2 3 4 5 6 10 13 14 15 18 20 22 24 25
1 2 3 4 5 6 10 13 14 15 18 20 22 24 25
-1 10 4 13 5 6 8 2 -1 -1 19 -1 9 14 15 12 -1 -1 7 -1 16 -1 18 -1 3 11 1 -1 -1 17 0
21 0 4 7 5 14 13 -1 -1 8 12 9 -1 10 22 2 15 3 17 19 16 18 23 11 6 20 -1 -1 -1 -1 1
-1 9 0 3 4 10 7 -1 -1 -1 5 -1 -1 6 13 8 -1 -1 2 -1 12 -1 11 -1 15 14 -1 -1 -1 -1 1
7 19 18 0 2 10 22 -1 -1 17 15 20 -1 4 13 12 21 14 8 5 9 11 3 16 23 6 -1 -1 -1 -1 1
21 19 17 11 1 9 4 -1 -1 18 14 16 -1 15 13 20 8 5 7 6 2 10 12 3 23 22 -1 -1 -1 -1 0
9 11 21 17 3 0 8 -1 -1 20 13 12 -1 22 14 19 23 15 16 10 7 4 5 2 18 6 -1 -1 -1 -1 1
2 20 16 21 14 8 1 -1 -1 18 22 4 -1 12 17 10 13 19 23 15 11 3 9 6 7 5 -1 -1 -1 -1 0
-1 13 2 14 9 19 7 0 -1 -1 11 -1 12 6 3 10 -1 -1 5 -1 18 -1 8 -1 15 16 17 -1 -1 4 1
-1 10 3 15 4 13 2 -1 -1 -1 6 -1 -1 5 1 12 -1 -1 11 -1 8 -1 9 -1 7 14 -1 -1 -1 -1 0
16 22 21 6 10 9 17 -1 -1 1 18 13 -1 3 15 4 2 7 14 11 8 19 20 12 5 23 -1 -1 -1 -1 0
5 10 3 2 14 6 21 -1 -1 11 1 9 -1 20 18 22 8 23 17 15 12 4 19 7 16 13 -1 -1 -1 -1 0
-1 10 2 9 3 12 4 16 -1 -1 8 -1 1 7 5 6 -1 -1 19 -1 14 -1 15 -1 13 11 18 -1 -1 17 0
-1 3 15 7 4 9 6 -1 -1 -1 1 -1 -1 12 14 13 -1 -1 8 -1 10 -1 5 -1 2 11 -1 -1 -1 -1 0
-1 5 7 6 4 15 11 -1 -1 -1 10 -1 -1 1 9 8 -1 -1 13 -1 12 -1 14 -1 3 2 -1 -1 -1 -1 0
-1 13 2 5 3 9 6 -1 -1 -1 14 -1 -1 4 1 11 -1 -1 15 -1 12 -1 7 -1 10 8 -1 -1 -1 -1 0
4 20 8 19 18 11 21 -1 -1 23 7 9 -1 10 13 0 2 22 3 6 12 5 14 16 17 15 -1 -1 -1 -1 1
4 12 2 16 18 11 23 -1 -1 20 22 10 -1 17 3 21 1 5 19 7 6 8 9 15 14 13 -1 -1 -1 -1 0
-1 6 9 5 12 2 8 -1 -1 -1 7 -1 -1 10 15 3 -1 -1 4 -1 14 -1 11 -1 1 13 -1 -1 -1 -1 0
-1 3 12 4 8 9 6 -1 -1 -1 15 -1 -1 14 5 13 -1 -1 1 -1 10 -1 2 -1 7 11 -1 -1 -1 -1 0
-1 14 10 16 8 12 13 17 -1 -1 7 -1 11 6 18 5 -1 -1 4 -1 2 -1 3 -1 19 15 9 -1 -1 1 0
-1 4 3 2 7 9 5 -1 -1 -1 8 -1 -1 13 10 15 -1 -1 11 -1 0 -1 12 -1 14 6 -1 -1 -1 -1 1
-1 14 11 13 9 5 8 -1 -1 -1 12 -1 -1 15 3 6 -1 -1 10 -1 7 -1 4 -1 1 2 -1 -1 -1 -1 0
19 21 7 22 14 4 6 -1 -1 18 2 17 -1 16 9 20 10 11 5 15 8 3 0 13 12 23 -1 -1 -1 -1 1
-1 12 13 3 8 15 11 -1 -1 -1 5 -1 -1 10 7 14 -1 -1 4 -1 2 -1 6 -1 1 9 -1 -1 -1 -1 0
15 9 5 20 2 17 19 -1 -1 14 16 23 -1 3 8 22 7 18 13 6 10 11 21 4 0 12 -1 -1 -1 -1 1
-1 7 18 12 10 4 14 13 -1 -1 19 -1 17 6 8 9 -1 -1 16 -1 5 -1 11 -1 3 0 15 -1 -1 2 1
-1 12 19 3 4 6 5 9 -1 -1 15 -1 13 14 7 16 -1 -1 18 -1 10 -1 11 -1 8 17 0 -1 -1 2 1
-1 6 10 12 5 11 8 -1 -1 -1 9 -1 -1 7 3 1 -1 -1 15 -1 14 -1 13 -1 4 2 -1 -1 -1 -1 0
-1 4 7 14 11 1 6 -1 -1 -1 5 -1 -1 2 10 15 -1 -1 13 -1 12 -1 3 -1 9 8 -1 -1 -1 -1 0
-1 11 3 15 1 5 7 -1 -1 -1 14 -1 -1 4 2 8 -1 -1 9 -1 12 -1 13 -1 6 10 -1 -1 -1 -1 0
