30
3
O O A O AB A O B O B O O O A O A O O O O B A A O O B O O B A
A O O O A A O A A O A O B O O O O O A O A A O A A A O A B B
O A AB
1 2 3 6 9 11 13 14 15 16 17 19 22 26
1 2 3 6 9 11 13 14 15 16 17 19 22 26
0 1 2 3 4 5 6 7 8 9 10 11 13 14 15 16 17 18 19 20 21 22 23 24 25 26 27
1 2 3 6 9 11 13 14 15 16 17 19 22 26
0 1 2 3 4 5 6 7 8 9 10 11 12 13 14 15 16 17 18 19 20 21 22 23 24 25 26 27 28 29
0 1 2 3 4 5 6 7 8 9 10 11 13 14 15 16 17 18 19 20 21 22 23 24 25 26 27
1 2 3 6 9 11 13 14 15 16 17 19 22 26
1 2 3 6 9 11 12 13 14 15 16 17 19 22 26 28 29
1 2 3 6 9 11 13 14 15 16 17 19 22 26
1 2 3 6 9 11 12 13 14 15 16 17 19 22 26 28 29
1 2 3 6 9 11 13 14 15 16 17 19 22 26
1 2 3 6 9 11 13 14 15 16 17 19 22 26
1 2 3 6 9 11 13 14 15 16 17 19 22 26
0 1 2 3 4 5 6 7 8 9 10 11 13 14 15 16 17 18 19 20 21 22 23 24 25 26 27
1 2 3 6 9 11 13 14 15 16 17 19 22 26
0 1 2 3 4 5 6 7 8 9 10 11 13 14 15 16 17 18 19 20 21 22 23 24 25 26 27
1 2 3 6 9 11 13 14 15 16 17 19 22 26
1 2 3 6 9 11 13 14 15 16 17 19 22 26
1 2 3 6 9 11 13 14 15 16 17 19 22 26
1 2 3 6 9 11 13 14 15 16 17 19 22 26
1 2 3 6 9 11 12 13 14 15 16 17 19 22 26 28 29
0 1 2 3 4 5 6 7 8 9 10 11 13 14 15 16 17 18 19 20 21 22 23 24 25 26 27
0 1 2 3 4 5 6 7 8 9 10 11 13 14 15 16 17 18 19 20 21 22 23 24 25 26 27
1 2 3 6 9 11 13 14 15 16 17 19 22 26
1 2 3 6 9 11 13 14 15 16 17 19 22 26
1 2 3 6 9 11 12 13 14 15 16 17 19 22 26 28 29
1 2 3 6 9 11 13 14 15 16 17 19 22 26
1 2 3 6 9 11 13 14 15 16 17 19 22 26
1 2 3 6 9 11 12 13 14 15 16 17 19 22 26 28 29
0 1 2 3 4 5 6 7 8 9 10 11 13 14 15 16 17 18 19 20 21 22 23 24 25 26 27
0 5 13 15 -1 -1 14 -1 -1 2 -1 3 -1 10 6 12 11 4 -1 7 -1 -1 8 -1 -1 -1 9 -1 -1 -1 1
-1 -1 5 7 -1 -1 2 -1 -1 4 -1 12 -1 9 10 1 13 8 -1 14 -1 -1 3 -1 -1 -1 6 -1 -1 -1 0
7 21 -1 20 10 18 12 25 8 5 16 4 -1 3 26 2 15 13 11 22 24 19 9 27 17 1 6 14 -1 -1 0
-1 9 14 -1 -1 -1 13 -1 -1 12 -1 5 -1 2 1 10 4 3 -1 7 -1 -1 11 -1 -1 -1 6 -1 -1 -1 0
21 20 10 15 -1 16 25 30 13 29 14 8 3 22 6 27 9 24 7 28 1 2 5 11 12 17 23 26 19 18 0
8 23 4 15 1 -1 17 10 9 6 2 20 -1 22 12 18 25 24 11 7 3 27 26 19 13 21 14 16 -1 -1 0
-1 1 13 7 -1 -1 -1 -1 -1 9 -1 10 -1 14 6 4 8 3 -1 11 -1 -1 5 -1 -1 -1 12 -1 -1 -1 0
-1 18 8 5 -1 -1 13 0 -1 6 -1 4 2 10 11 7 16 12 -1 15 -1 -1 3 -1 -1 -1 17 -1 14 9 1
-1 11 7 3 -1 -1 10 -1 0 5 -1 13 -1 2 4 9 12 15 -1 14 -1 -1 6 -1 -1 -1 8 -1 -1 -1 1
-1 2 5 11 -1 -1 6 -1 -1 -1 -1 13 3 1 15 12 4 14 -1 7 -1 -1 16 -1 -1 -1 17 -1 9 8 0
-1 4 13 10 -1 -1 3 -1 -1 5 1 9 -1 8 7 15 6 12 -1 11 -1 -1 2 -1 -1 -1 14 -1 -1 -1 0
-1 2 10 3 -1 -1 1 -1 -1 6 -1 -1 -1 11 4 5 12 13 -1 7 -1 -1 8 -1 -1 -1 9 -1 -1 -1 0
-1 7 15 11 -1 -1 12 -1 -1 6 -1 14 1 2 4 5 10 13 -1 8 -1 -1 9 -1 -1 -1 3 -1 -1 -1 0
24 5 17 12 3 10 16 7 2 22 27 11 -1 -1 18 13 15 6 19 9 26 23 14 8 1 25 21 4 -1 -1 0
-1 2 10 7 -1 -1 8 -1 -1 9 -1 11 -1 3 -1 4 14 13 -1 6 -1 -1 1 -1 -1 -1 12 -1 -1 -1 0
16 10 8 7 15 14 5 27 17 25 19 18 -1 1 9 -1 4 21 3 11 23 12 13 20 24 22 2 6 -1 -1 0
-1 7 13 14 -1 -1 1 -1 -1 12 -1 6 -1 4 3 5 -1 8 -1 9 -1 -1 2 -1 -1 -1 11 -1 -1 -1 0
-1 5 12 11 -1 -1 13 -1 -1 9 -1 2 -1 3 1 7 6 -1 -1 4 -1 -1 10 -1 -1 -1 8 -1 -1 -1 0
-1 4 7 8 -1 -1 11 -1 -1 10 -1 2 -1 6 14 9 3 15 1 5 -1 -1 12 -1 -1 -1 13 -1 -1 -1 0
-1 11 5 6 -1 -1 10 -1 -1 9 -1 13 -1 4 3 7 2 12 -1 -1 -1 -1 14 -1 -1 -1 8 -1 -1 -1 0
-1 16 12 8 -1 -1 11 -1 -1 7 -1 18 6 9 14 4 2 10 -1 17 1 -1 5 -1 -1 -1 15 -1 13 3 0
16 11 9 8 14 25 10 26 7 22 27 1 -1 18 23 3 6 20 19 2 17 -1 21 5 12 13 24 4 -1 -1 0
26 14 23 16 4 3 13 25 21 7 6 24 -1 5 27 18 15 19 10 17 1 20 -1 12 8 11 9 2 -1 -1 0
-1 13 3 5 -1 -1 11 -1 -1 15 -1 14 -1 8 7 4 9 12 -1 10 -1 -1 2 1 -1 -1 6 -1 -1 -1 0
-1 7 8 6 -1 -1 9 -1 -1 12 -1 10 -1 4 14 2 11 3 -1 15 -1 -1 5 -1 1 -1 13 -1 -1 -1 0
-1 18 14 5 -1 -1 17 -1 -1 4 -1 10 12 3 2 9 7 13 -1 15 -1 -1 11 -1 -1 1 16 -1 6 8 0
-1 5 12 3 -1 -1 13 -1 -1 4 -1 1 -1 8 10 9 14 2 -1 6 -1 -1 7 -1 -1 -1 -1 -1 -1 -1 0
-1 4 7 10 -1 -1 9 -1 -1 13 -1 12 -1 14 3 8 15 2 -1 11 -1 -1 6 -1 -1 -1 5 0 -1 -1 1
-1 6 17 8 -1 -1 5 -1 -1 1 -1 7 4 9 12 2 13 15 -1 16 -1 -1 3 -1 -1 -1 14 -1 -1 10 0
21 3 7 12 8 20 18 10 2 6 19 22 -1 25 15 11 24 26 17 9 4 13 23 16 14 27 28 5 -1 0 1
