30
3
A O O A B O O B A O AB O A A A AB O O B A O A O A A A O A O A
B O A O B O A O O O A A AB O A O A AB B A O AB O A O A A O O A
O O A
1 2 3 5 6 7 8 9 10 11 13 14 15 16 19 20 22 23 24 25 26 27 28 29
1 3 5 7 8 9 13 15 20 22 24 27 28
1 3 5 7 8 9 13 15 20 22 24 27 28
1 2 3 5 6 7 8 9 10 11 13 14 15 16 19 20 22 23 24 25 26 27 28 29
0 1 3 4 5 7 8 9 13 15 18 20 22 24 27 28
1 3 5 7 8 9 13 15 20 22 24 27 28
1 3 5 7 8 9 13 15 20 22 24 27 28
0 1 3 4 5 7 8 9 13 15 18 20 22 24 27 28
1 2 3 5 6 7 8 9 10 11 13 14 15 16 19 20 22 23 24 25 26 27 28 29
1 3 5 7 8 9 13 15 20 22 24 27 28
0 1 2 3 4 5 6 7 8 9 10 11 12 13 14 15 16 17 18 19 20 21 22 23 24 25 26 27 28 29
1 3 5 7 8 9 13 15 20 22 24 27 28
1 2 3 5 6 7 8 9 10 11 13 14 15 16 19 20 22 23 24 25 26 27 28 29
1 2 3 5 6 7 8 9 10 11 13 14 15 16 19 20 22 23 24 25 26 27 28 29
1 2 3 5 6 7 8 9 10 11 13 14 15 16 19 20 22 23 24 25 26 27 28 29
0 1 2 3 4 5 6 7 8 9 10 11 12 13 14 15 16 17 18 19 20 21 22 23 24 25 26 27 28 29
1 3 5 7 8 9 13 15 20 22 24 27 28
1 3 5 7 8 9 13 15 20 22 24 27 28
0 1 3 4 5 7 8 9 13 15 18 20 22 24 27 28
1 2 3 5 6 7 8 9 10 11 13 14 15 16 19 20 22 23 24 25 26 27 28 29
1 3 5 7 8 9 13 15 20 22 24 27 28
1 2 3 5 6 7 8 9 10 11 13 14 15 16 19 20 22 23 24 25 26 27 28 29
1 3 5 7 8 9 13 15 20 22 24 27 28
1 2 3 5 6 7 8 9 10 11 13 14 15 16 19 20 22 23 24 25 26 27 28 29
1 2 3 5 6 7 8 9 10 11 13 14 15 16 19 20 22 23 24 25 26 27 28 29
1 2 3 5 6 7 8 9 10 11 13 14 15 16 19 20 22 23 24 25 26 27 28 29
1 3 5 7 8 9 13 15 20 22 24 27 28
1 2 3 5 6 7 8 9 10 11 13 14 15 16 19 20 22 23 24 25 26 27 28 29
1 3 5 7 8 9 13 15 20 22 24 27 28
1 2 3 5 6 7 8 9 10 11 13 14 15 16 19 20 22 23 24 25 26 27 28 29
0 18 5 15 -1 9 21 6 3 24 20 13 -1 14 10 25 19 -1 -1 22 12 -1 7 17 23 16 4 8 11 2 1
-1 2 -1 11 -1 13 -1 6 4 12 -1 -1 -1 1 -1 9 -1 -1 -1 -1 8 -1 7 -1 10 -1 -1 3 5 -1 0
-1 3 0 8 -1 6 -1 14 4 9 -1 -1 -1 7 -1 10 -1 -1 -1 -1 11 -1 2 -1 12 -1 -1 5 13 -1 1
-1 5 14 16 -1 13 4 20 23 6 12 1 -1 18 24 15 8 -1 -1 11 10 -1 17 21 7 3 22 2 19 9 0
3 2 -1 8 6 14 -1 13 4 9 -1 -1 -1 11 -1 15 -1 -1 10 -1 5 -1 1 -1 12 -1 -1 7 16 -1 0
-1 12 -1 4 -1 11 -1 7 9 13 -1 -1 -1 10 -1 2 -1 -1 -1 -1 5 -1 1 -1 8 -1 -1 3 6 -1 0
-1 3 -1 5 -1 7 1 11 6 14 -1 -1 -1 13 -1 4 -1 -1 -1 -1 2 -1 9 -1 12 -1 -1 10 8 -1 0
6 11 -1 15 5 1 -1 7 14 4 -1 -1 -1 8 -1 3 -1 -1 2 -1 9 -1 13 -1 10 -1 -1 16 12 -1 0
-1 10 13 7 -1 3 9 24 23 12 14 4 -1 8 11 15 18 -1 -1 17 22 -1 21 6 1 5 20 16 2 19 0
-1 8 -1 5 -1 10 -1 11 1 4 -1 -1 -1 6 -1 7 -1 -1 -1 -1 13 -1 2 -1 3 -1 -1 12 9 -1 0
11 2 25 8 30 20 17 1 26 21 13 19 29 4 24 5 10 27 23 22 28 3 14 12 9 6 16 18 15 7 0
-1 12 -1 14 -1 13 -1 3 5 8 -1 0 -1 2 -1 10 -1 -1 -1 -1 9 -1 4 -1 6 -1 -1 11 7 -1 1
-1 20 2 10 -1 4 13 14 8 12 18 7 1 6 24 9 25 -1 -1 22 23 -1 3 19 17 11 5 16 15 21 0
-1 1 11 24 -1 5 13 21 20 2 18 6 -1 10 16 3 7 -1 -1 23 9 -1 4 8 17 14 15 12 19 22 0
-1 18 13 2 -1 20 11 6 12 16 17 3 -1 4 7 5 22 -1 -1 19 15 -1 14 10 1 24 9 23 8 21 0
8 13 17 30 7 24 16 23 11 22 21 5 9 3 14 10 25 4 20 1 26 19 6 2 28 12 29 27 15 18 0
-1 11 -1 8 -1 3 -1 7 4 10 -1 -1 -1 9 -1 2 1 -1 -1 -1 12 -1 14 -1 13 -1 -1 6 5 -1 0
-1 12 -1 6 -1 14 -1 2 4 10 -1 -1 -1 8 -1 7 -1 0 -1 -1 13 -1 5 -1 3 -1 -1 11 9 -1 1
9 2 -1 12 14 3 -1 10 15 1 -1 -1 -1 7 -1 4 -1 -1 11 -1 8 -1 16 -1 6 -1 -1 13 5 -1 0
-1 23 11 18 -1 2 15 3 19 4 5 8 -1 20 12 6 21 -1 -1 22 17 -1 16 7 24 13 10 1 9 14 0
-1 2 -1 1 -1 7 -1 11 8 5 -1 -1 -1 3 -1 9 -1 -1 -1 -1 6 -1 12 -1 4 -1 -1 13 10 -1 0
-1 19 25 15 -1 7 24 8 10 9 21 17 -1 12 20 11 2 -1 -1 22 5 1 14 18 16 4 6 13 23 3 0
-1 3 -1 11 -1 6 -1 2 13 9 -1 -1 -1 4 -1 10 -1 -1 -1 -1 8 -1 12 -1 5 -1 -1 1 7 -1 0
-1 16 21 23 -1 3 22 10 11 5 13 15 -1 4 2 18 24 -1 -1 1 7 -1 14 12 8 17 19 9 20 6 0
-1 21 1 12 -1 24 18 17 5 20 22 2 -1 15 8 4 16 -1 -1 9 14 -1 7 6 19 23 3 11 13 10 0
-1 17 2 9 -1 11 15 19 24 10 7 21 -1 14 23 5 4 -1 -1 13 1 -1 18 3 20 22 6 12 8 16 0
-1 13 -1 2 -1 7 -1 6 3 8 -1 -1 -1 10 -1 5 -1 -1 -1 -1 12 -1 14 -1 4 -1 1 11 9 -1 0
-1 3 7 22 -1 21 6 17 11 24 10 14 -1 20 19 2 12 -1 -1 4 9 -1 8 16 13 23 1 15 5 18 0
-1 10 -1 5 -1 12 -1 2 8 1 -1 -1 -1 13 -1 9 -1 -1 -1 -1 6 -1 7 -1 3 -1 -1 4 11 -1 0
-1 17 2 21 -1 16 20 22 24 12 5 1 -1 11 6 7 19 -1 -1 18 4 -1 23 13 3 9 14 15 10 8 0
