30
3
O O A A A O A A A A B O O A A AB O A A A O A O A A A O O O O
O O AB A AB A O A A O A A B A O A A O O O O O O A A A A O B A
B A A
0 1 6 9 14 17 18 19 20 21 22 27
0 1 6 9 14 17 18 19 20 21 22 27
0 1 3 5 6 7 8 9 10 11 13 14 15 16 17 18 19 20 21 22 23 24 25 26 27 29
0 1 3 5 6 7 8 9 10 11 13 14 15 16 17 18 19 20 21 22 23 24 25 26 27 29
0 1 3 5 6 7 8 9 10 11 13 14 15 16 17 18 19 20 21 22 23 24 25 26 27 29
0 1 6 9 14 17 18 19 20 21 22 27
0 1 3 5 6 7 8 9 10 11 13 14 15 16 17 18 19 20 21 22 23 24 25 26 27 29
0 1 3 5 6 7 8 9 10 11 13 14 15 16 17 18 19 20 21 22 23 24 25 26 27 29
0 1 3 5 6 7 8 9 10 11 13 14 15 16 17 18 19 20 21 22 23 24 25 26 27 29
0 1 3 5 6 7 8 9 10 11 13 14 15 16 17 18 19 20 21 22 23 24 25 26 27 29
0 1 6 9 12 14 17 18 19 20 21 22 27 28
0 1 6 9 14 17 18 19 20 21 22 27
0 1 6 9 14 17 18 19 20 21 22 27
0 1 3 5 6 7 8 9 10 11 13 14 15 16 17 18 19 20 21 22 23 24 25 26 27 29
0 1 3 5 6 7 8 9 10 11 13 14 15 16 17 18 19 20 21 22 23 24 25 26 27 29
0 1 2 3 4 5 6 7 8 9 10 11 12 13 14 15 16 17 18 19 20 21 22 23 24 25 26 27 28 29
0 1 6 9 14 17 18 19 20 21 22 27
0 1 3 5 6 7 8 9 10 11 13 14 15 16 17 18 19 20 21 22 23 24 25 26 27 29
0 1 3 5 6 7 8 9 10 11 13 14 15 16 17 18 19 20 21 22 23 24 25 26 27 29
0 1 3 5 6 7 8 9 10 11 13 14 15 16 17 18 19 20 21 22 23 24 25 26 27 29
0 1 6 9 14 17 18 19 20 21 22 27
0 1 3 5 6 7 8 9 10 11 13 14 15 16 17 18 19 20 21 22 23 24 25 26 27 29
0 1 6 9 14 17 18 19 20 21 22 27
0 1 3 5 6 7 8 9 10 11 13 14 15 16 17 18 19 20 21 22 23 24 25 26 27 29
0 1 3 5 6 7 8 9 10 11 13 14 15 16 17 18 19 20 21 22 23 24 25 26 27 29
0 1 3 5 6 7 8 9 10 11 13 14 15 16 17 18 19 20 21 22 23 24 25 26 27 29
0 1 6 9 14 17 18 19 20 21 22 27
0 1 6 9 14 17 18 19 20 21 22 27
0 1 6 9 14 17 18 19 20 21 22 27
0 1 6 9 14 17 18 19 20 21 22 27
1 10 -1 -1 -1 -1 9 -1 -1 4 -1 -1 -1 -1 8 -1 -1 12 6 5 7 11 2 -1 -1 -1 -1 3 -1 -1 0
2 0 -1 -1 -1 -1 11 -1 -1 8 -1 -1 -1 -1 7 -1 -1 3 4 12 10 9 5 -1 -1 -1 -1 6 -1 -1 1
7 22 -1 3 -1 15 24 12 20 5 1 16 -1 9 18 17 10 19 23 2 26 25 4 11 14 6 8 21 -1 13 0
10 16 -1 1 -1 5 6 8 12 14 24 20 -1 7 3 19 25 11 17 18 26 15 4 2 23 21 13 9 -1 22 0
8 12 -1 16 -1 19 6 21 18 25 1 24 -1 4 17 10 9 15 2 20 14 3 5 23 22 26 11 7 -1 13 0
8 7 -1 -1 -1 -1 3 -1 -1 4 -1 -1 -1 -1 9 -1 -1 2 6 11 1 10 12 -1 -1 -1 -1 5 -1 -1 0
3 24 -1 15 -1 17 0 14 4 22 13 9 -1 19 7 5 18 2 8 25 23 10 26 6 12 11 16 21 -1 20 1
25 11 -1 9 -1 23 18 1 12 13 4 7 -1 19 20 15 3 2 17 14 24 26 21 16 8 5 22 10 -1 6 0
8 16 -1 7 -1 6 11 9 0 12 10 24 -1 19 23 4 18 13 20 21 25 14 15 3 17 5 26 2 -1 22 1
14 5 -1 20 -1 15 4 13 19 1 18 7 -1 26 2 8 24 12 6 16 25 23 21 11 22 9 10 17 -1 3 0
5 7 -1 -1 -1 -1 9 -1 -1 14 -1 -1 3 -1 6 -1 -1 10 13 4 8 1 12 -1 -1 -1 -1 11 2 -1 0
2 6 -1 -1 -1 -1 1 -1 -1 8 -1 -1 -1 -1 5 -1 -1 12 10 11 9 3 7 -1 -1 -1 -1 4 -1 -1 0
12 6 -1 -1 -1 -1 1 -1 -1 3 -1 -1 -1 -1 8 -1 -1 4 2 11 9 10 7 -1 -1 -1 -1 5 -1 -1 0
25 13 -1 14 -1 18 7 20 19 10 15 26 -1 0 21 8 9 22 12 4 5 6 24 2 3 16 11 23 -1 17 1
8 22 -1 23 -1 16 7 19 2 26 9 13 -1 10 0 5 12 20 21 18 11 17 25 24 14 6 4 15 -1 3 1
17 29 26 11 27 28 23 6 14 8 13 15 24 20 4 0 16 10 19 3 21 2 30 5 25 7 22 18 12 9 1
8 12 -1 -1 -1 -1 6 -1 -1 3 -1 -1 -1 -1 1 -1 -1 5 9 10 7 2 11 -1 -1 -1 -1 4 -1 -1 0
8 24 -1 4 -1 14 10 21 13 3 23 16 -1 11 9 5 26 0 6 7 22 2 19 17 18 15 12 20 -1 25 1
14 26 -1 16 -1 2 20 9 3 7 5 4 -1 8 19 22 6 18 1 12 17 10 21 25 15 11 24 23 -1 13 0
25 21 -1 19 -1 15 6 20 11 24 12 13 -1 10 2 4 7 8 18 0 16 23 9 26 14 5 17 22 -1 3 1
11 10 -1 -1 -1 -1 6 -1 -1 9 -1 -1 -1 -1 5 -1 -1 3 2 12 0 8 7 -1 -1 -1 -1 4 -1 -1 1
20 10 -1 21 -1 13 25 15 12 5 7 18 -1 26 24 4 23 17 19 16 2 1 11 9 22 6 14 3 -1 8 0
2 7 -1 -1 -1 -1 12 -1 -1 3 -1 -1 -1 -1 4 -1 -1 9 10 6 11 8 1 -1 -1 -1 -1 5 -1 -1 0
11 2 -1 18 -1 12 13 10 15 20 5 21 -1 7 19 25 8 9 16 17 4 6 24 0 26 14 3 23 -1 22 1
17 24 -1 14 -1 4 9 20 8 23 5 10 -1 2 15 19 26 11 18 16 12 22 7 6 0 3 25 21 -1 13 1
7 9 -1 3 -1 4 23 21 15 18 13 12 -1 6 17 5 8 14 11 25 19 16 26 10 24 0 22 2 -1 20 1
10 7 -1 -1 -1 -1 9 -1 -1 2 -1 -1 -1 -1 3 -1 -1 4 11 5 12 6 8 -1 -1 -1 -1 1 -1 -1 0
4 2 -1 -1 -1 -1 3 -1 -1 7 -1 -1 -1 -1 12 -1 -1 9 10 6 8 11 5 -1 -1 -1 -1 1 -1 -1 0
3 5 -1 -1 -1 -1 9 -1 -1 4 -1 -1 -1 -1 6 -1 -1 12 2 7 10 1 8 -1 -1 -1 -1 11 -1 -1 0
1 11 -1 -1 -1 -1 3 -1 -1 6 -1 -1 -1 -1 2 -1 -1 10 7 5 9 4 8 -1 -1 -1 -1 12 -1 -1 0
