30
3
O A A O A A A A A O O A AB B A A O A A A O A A A A O O A O O
A B O O O A A O O A A O O O A A O O A O O O O O A O O O A A
A O A
2 3 4 7 8 11 12 13 16 17 19 20 21 22 23 25 26 27
0 2 3 4 5 6 7 8 9 10 11 12 13 14 15 16 17 18 19 20 21 22 23 24 25 26 27 28 29
0 2 3 4 5 6 7 8 9 10 11 12 13 14 15 16 17 18 19 20 21 22 23 24 25 26 27 28 29
2 3 4 7 8 11 12 13 16 17 19 20 21 22 23 25 26 27
0 2 3 4 5 6 7 8 9 10 11 12 13 14 15 16 17 18 19 20 21 22 23 24 25 26 27 28 29
0 2 3 4 5 6 7 8 9 10 11 12 13 14 15 16 17 18 19 20 21 22 23 24 25 26 27 28 29
0 2 3 4 5 6 7 8 9 10 11 12 13 14 15 16 17 18 19 20 21 22 23 24 25 26 27 28 29
0 2 3 4 5 6 7 8 9 10 11 12 13 14 15 16 17 18 19 20 21 22 23 24 25 26 27 28 29
0 2 3 4 5 6 7 8 9 10 11 12 13 14 15 16 17 18 19 20 21 22 23 24 25 26 27 28 29
2 3 4 7 8 11 12 13 16 17 19 20 21 22 23 25 26 27
2 3 4 7 8 11 12 13 16 17 19 20 21 22 23 25 26 27
0 2 3 4 5 6 7 8 9 10 11 12 13 14 15 16 17 18 19 20 21 22 23 24 25 26 27 28 29
0 1 2 3 4 5 6 7 8 9 10 11 12 13 14 15 16 17 18 19 20 21 22 23 24 25 26 27 28 29
1 2 3 4 7 8 11 12 13 16 17 19 20 21 22 23 25 26 27
0 2 3 4 5 6 7 8 9 10 11 12 13 14 15 16 17 18 19 20 21 22 23 24 25 26 27 28 29
0 2 3 4 5 6 7 8 9 10 11 12 13 14 15 16 17 18 19 20 21 22 23 24 25 26 27 28 29
2 3 4 7 8 11 12 13 16 17 19 20 21 22 23 25 26 27
0 2 3 4 5 6 7 8 9 10 11 12 13 14 15 16 17 18 19 20 21 22 23 24 25 26 27 28 29
0 2 3 4 5 6 7 8 9 10 11 12 13 14 15 16 17 18 19 20 21 22 23 24 25 26 27 28 29
0 2 3 4 5 6 7 8 9 10 11 12 13 14 15 16 17 18 19 20 21 22 23 24 25 26 27 28 29
2 3 4 7 8 11 12 13 16 17 19 20 21 22 23 25 26 27
0 2 3 4 5 6 7 8 9 10 11 12 13 14 15 16 17 18 19 20 21 22 23 24 25 26 27 28 29
0 2 3 4 5 6 7 8 9 10 11 12 13 14 15 16 17 18 19 20 21 22 23 24 25 26 27 28 29
0 2 3 4 5 6 7 8 9 10 11 12 13 14 15 16 17 18 19 20 21 22 23 24 25 26 27 28 29
0 2 3 4 5 6 7 8 9 10 11 12 13 14 15 16 17 18 19 20 21 22 23 24 25 26 27 28 29
2 3 4 7 8 11 12 13 16 17 19 20 21 22 23 25 26 27
2 3 4 7 8 11 12 13 16 17 19 20 21 22 23 25 26 27
0 2 3 4 5 6 7 8 9 10 11 12 13 14 15 16 17 18 19 20 21 22 23 24 25 26 27 28 29
2 3 4 7 8 11 12 13 16 17 19 20 21 22 23 25 26 27
2 3 4 7 8 11 12 13 16 17 19 20 21 22 23 25 26 27
0 -1 14 5 7 -1 -1 11 3 -1 -1 12 9 16 -1 -1 15 17 -1 18 19 13 6 10 -1 8 2 4 -1 -1 1
23 0 21 14 28 6 30 17 22 10 16 5 11 13 12 2 4 20 25 26 3 27 19 8 18 29 7 15 24 9 1
27 -1 21 13 20 10 28 1 4 29 16 26 23 8 14 6 7 24 15 11 18 19 3 9 22 5 2 17 12 25 0
-1 -1 5 15 3 -1 -1 11 1 -1 -1 6 7 13 -1 -1 9 12 -1 17 4 8 14 16 -1 10 18 2 -1 -1 0
15 -1 21 8 1 4 22 16 14 18 17 27 3 26 10 23 24 19 11 29 25 5 28 7 12 6 13 20 9 2 0
29 -1 7 3 23 11 26 13 1 17 22 28 12 24 20 10 18 6 15 21 5 27 4 2 14 9 16 25 19 8 0
16 -1 24 6 28 21 1 3 20 18 19 10 26 22 5 4 13 11 9 29 27 8 15 7 12 25 2 23 14 17 0
22 -1 16 26 12 15 27 20 25 19 7 9 24 1 29 5 17 6 18 8 4 23 28 11 13 2 3 10 14 21 0
10 -1 25 16 13 11 2 28 7 8 20 4 17 9 6 14 26 22 15 23 5 19 24 18 3 12 21 29 27 1 0
-1 -1 11 18 9 -1 -1 4 15 0 -1 16 19 3 -1 -1 10 8 -1 7 13 6 2 14 -1 5 12 17 -1 -1 1
-1 -1 19 11 6 -1 -1 18 2 -1 0 4 5 13 -1 -1 7 14 -1 3 17 8 9 10 -1 16 15 12 -1 -1 1
23 -1 2 8 16 9 3 24 5 1 19 6 14 29 18 7 17 28 12 15 25 22 4 11 10 20 27 13 21 26 0
23 1 20 21 11 29 9 30 7 28 26 12 2 18 10 8 14 16 19 27 22 4 5 3 24 13 17 6 15 25 0
-1 9 13 6 10 -1 -1 1 2 -1 -1 15 5 4 -1 -1 19 17 -1 11 8 3 12 14 -1 18 16 7 -1 -1 0
2 -1 21 23 3 16 7 19 18 15 12 13 1 29 5 11 26 17 27 14 22 28 20 10 25 8 4 9 24 6 0
9 -1 21 29 7 13 1 10 23 18 3 16 15 4 24 6 22 2 27 8 14 17 20 11 28 25 12 26 5 19 0
-1 -1 3 15 2 -1 -1 16 1 -1 -1 13 11 7 -1 -1 4 14 -1 6 8 5 18 17 -1 12 10 9 -1 -1 0
24 -1 18 23 14 3 7 25 5 1 27 12 20 13 15 2 16 22 19 26 6 8 10 21 11 9 29 4 28 17 0
28 -1 25 20 6 27 4 5 8 26 13 15 2 11 3 23 1 21 7 14 9 10 12 22 17 29 19 16 18 24 0
3 -1 7 23 13 20 16 28 22 10 14 4 12 18 29 17 27 5 9 21 1 26 15 24 25 11 8 6 2 19 0
-1 -1 11 13 10 -1 -1 14 6 -1 -1 4 1 18 -1 -1 9 17 -1 3 8 2 5 12 -1 16 7 15 -1 -1 0
5 -1 6 11 20 29 4 14 26 22 27 1 28 25 24 12 19 17 18 9 2 15 3 7 8 10 23 13 21 16 0
5 -1 7 2 11 27 1 25 21 26 28 9 16 12 6 17 24 18 3 10 13 20 14 22 19 4 23 15 8 29 0
1 -1 7 3 15 21 22 18 4 6 2 5 17 8 25 26 19 12 14 24 23 29 11 10 13 16 20 28 27 9 0
17 -1 24 22 6 12 14 20 7 23 10 8 15 27 16 18 13 5 26 25 9 2 11 29 19 21 28 1 3 4 0
-1 -1 11 4 12 -1 -1 1 2 -1 -1 9 3 18 -1 -1 13 7 -1 10 14 15 16 8 -1 5 17 6 -1 -1 0
-1 -1 13 18 11 -1 -1 9 4 -1 -1 15 3 17 -1 -1 7 5 -1 14 8 10 6 2 -1 16 12 1 -1 -1 0
17 -1 28 5 8 24 6 26 1 16 12 4 18 25 27 9 3 22 7 20 23 2 29 21 15 14 19 11 13 10 0
-1 -1 6 3 13 -1 -1 9 4 -1 -1 19 11 8 -1 -1 10 2 -1 12 18 16 17 5 -1 7 15 14 0 -1 1
-1 -1 2 3 13 -1 -1 14 8 -1 -1 4 6 10 -1 -1 11 7 -1 12 9 17 16 15 -1 18 5 19 -1 1 0
