30
3
B A O O O A A A O A O O A O A O B O O A A B O O A AB O A O O
A O O A B A O O O A O O O O A A A O O A O O O A A O O O A A
O O B
1 2 4 6 7 8 10 11 12 13 17 18 20 21 22 25 26 27
0 1 2 3 5 6 7 8 9 10 11 12 13 14 15 16 17 18 19 20 21 22 23 24 25 26 27 28 29
1 2 6 7 8 10 11 12 13 17 18 20 21 22 25 26 27
1 2 6 7 8 10 11 12 13 17 18 20 21 22 25 26 27
1 2 6 7 8 10 11 12 13 17 18 20 21 22 25 26 27
0 1 2 3 5 6 7 8 9 10 11 12 13 14 15 16 17 18 19 20 21 22 23 24 25 26 27 28 29
0 1 2 3 5 6 7 8 9 10 11 12 13 14 15 16 17 18 19 20 21 22 23 24 25 26 27 28 29
0 1 2 3 5 6 7 8 9 10 11 12 13 14 15 16 17 18 19 20 21 22 23 24 25 26 27 28 29
1 2 6 7 8 10 11 12 13 17 18 20 21 22 25 26 27
0 1 2 3 5 6 7 8 9 10 11 12 13 14 15 16 17 18 19 20 21 22 23 24 25 26 27 28 29
1 2 6 7 8 10 11 12 13 17 18 20 21 22 25 26 27
1 2 6 7 8 10 11 12 13 17 18 20 21 22 25 26 27
0 1 2 3 5 6 7 8 9 10 11 12 13 14 15 16 17 18 19 20 21 22 23 24 25 26 27 28 29
1 2 6 7 8 10 11 12 13 17 18 20 21 22 25 26 27
0 1 2 3 5 6 7 8 9 10 11 12 13 14 15 16 17 18 19 20 21 22 23 24 25 26 27 28 29
1 2 6 7 8 10 11 12 13 17 18 20 21 22 25 26 27
1 2 4 6 7 8 10 11 12 13 17 18 20 21 22 25 26 27
1 2 6 7 8 10 11 12 13 17 18 20 21 22 25 26 27
1 2 6 7 8 10 11 12 13 17 18 20 21 22 25 26 27
0 1 2 3 5 6 7 8 9 10 11 12 13 14 15 16 17 18 19 20 21 22 23 24 25 26 27 28 29
0 1 2 3 5 6 7 8 9 10 11 12 13 14 15 16 17 18 19 20 21 22 23 24 25 26 27 28 29
1 2 4 6 7 8 10 11 12 13 17 18 20 21 22 25 26 27
1 2 6 7 8 10 11 12 13 17 18 20 21 22 25 26 27
1 2 6 7 8 10 11 12 13 17 18 20 21 22 25 26 27
0 1 2 3 5 6 7 8 9 10 11 12 13 14 15 16 17 18 19 20 21 22 23 24 25 26 27 28 29
0 1 2 3 4 5 6 7 8 9 10 11 12 13 14 15 16 17 18 19 20 21 22 23 24 25 26 27 28 29
1 2 6 7 8 10 11 12 13 17 18 20 21 22 25 26 27
0 1 2 3 5 6 7 8 9 10 11 12 13 14 15 16 17 18 19 20 21 22 23 24 25 26 27 28 29
1 2 6 7 8 10 11 12 13 17 18 20 21 22 25 26 27
1 2 6 7 8 10 11 12 13 17 18 20 21 22 25 26 27
1 4 13 -1 2 -1 5 12 16 -1 8 10 14 9 -1 -1 -1 3 18 -1 19 6 7 -1 -1 17 11 15 -1 -1 0
22 23 7 29 -1 19 17 14 24 27 13 25 28 16 15 20 26 10 11 6 4 12 1 21 8 18 3 2 5 9 0
-1 13 11 -1 -1 -1 15 4 9 -1 6 1 10 8 -1 -1 -1 2 12 -1 16 17 7 -1 -1 14 3 5 -1 -1 0
-1 4 14 0 -1 -1 8 10 5 -1 15 11 13 16 -1 -1 -1 2 17 -1 3 6 12 -1 -1 7 9 18 -1 -1 1
-1 13 4 -1 0 -1 18 8 3 -1 9 17 10 5 -1 -1 -1 7 12 -1 15 14 16 -1 -1 6 11 2 -1 -1 1
26 7 13 14 -1 25 10 2 1 16 24 18 17 20 3 11 29 5 9 4 8 22 12 6 15 28 21 23 19 27 0
21 29 16 23 -1 3 14 17 27 2 13 22 28 10 8 19 15 5 9 11 18 20 12 26 24 25 1 7 4 6 0
15 21 4 17 -1 23 12 2 28 16 10 6 25 7 3 5 20 26 13 9 27 11 22 1 14 18 8 24 19 29 0
-1 6 16 -1 -1 -1 17 8 12 -1 13 2 4 7 -1 -1 -1 9 15 -1 10 14 3 -1 -1 11 5 1 -1 -1 0
13 19 9 5 -1 16 14 3 22 2 18 6 25 8 12 10 23 4 17 21 7 28 1 24 15 27 11 26 20 29 0
-1 9 12 -1 -1 -1 17 4 6 -1 11 8 1 15 -1 -1 -1 3 14 -1 2 10 7 -1 -1 13 5 16 -1 -1 0
-1 2 6 -1 -1 -1 16 4 9 -1 8 17 11 13 -1 -1 -1 7 12 -1 3 5 10 -1 -1 14 15 1 -1 -1 0
19 24 10 28 -1 11 21 14 9 2 20 17 4 5 23 29 18 25 7 27 8 6 22 26 3 13 1 16 12 15 0
-1 2 5 -1 -1 -1 9 7 11 -1 6 4 14 8 -1 -1 -1 12 13 -1 10 1 16 -1 -1 15 3 17 -1 -1 0
17 16 15 13 -1 14 4 8 24 7 21 27 29 18 26 10 23 19 3 28 12 1 6 22 5 9 11 20 25 2 0
-1 11 17 -1 -1 -1 9 16 8 -1 5 3 14 13 -1 1 -1 10 4 -1 7 2 12 -1 -1 18 15 6 -1 -1 0
-1 13 12 -1 15 -1 5 10 6 -1 4 3 8 18 -1 -1 1 16 17 -1 11 14 9 -1 -1 2 7 19 -1 -1 0
-1 16 4 -1 -1 -1 9 15 5 -1 1 3 2 17 -1 -1 -1 6 12 -1 10 13 14 -1 -1 11 8 7 -1 -1 0
-1 8 12 -1 -1 -1 2 1 15 -1 3 17 5 14 -1 -1 -1 16 6 -1 7 4 11 -1 -1 10 13 9 -1 -1 0
1 15 10 13 -1 20 22 25 24 21 19 29 2 5 9 26 11 7 8 23 4 16 12 17 28 14 3 27 18 6 0
13 1 15 27 -1 25 9 23 26 21 14 2 10 28 8 29 4 22 12 17 20 11 6 19 5 7 16 18 24 3 0
-1 9 16 -1 18 -1 17 14 2 -1 13 4 8 15 -1 -1 -1 7 1 -1 10 3 6 -1 -1 12 5 11 -1 -1 0
-1 10 14 -1 -1 -1 6 8 15 -1 1 3 2 4 -1 -1 -1 13 9 -1 16 12 5 -1 -1 11 7 17 -1 -1 0
-1 3 2 -1 -1 -1 16 11 12 -1 10 17 6 13 -1 -1 -1 7 15 -1 4 5 9 1 -1 18 8 14 -1 -1 0
28 11 8 9 -1 15 12 5 1 23 27 22 7 29 19 2 26 13 18 10 20 17 25 24 21 16 3 4 14 6 0
28 4 13 17 11 9 8 21 16 23 19 24 7 20 29 1 30 6 22 26 14 25 12 15 5 18 10 27 3 2 0
-1 8 2 -1 -1 -1 4 1 14 -1 11 7 6 13 -1 -1 -1 9 17 -1 5 15 16 -1 -1 12 10 3 -1 -1 0
2 13 18 1 -1 17 28 25 14 27 21 12 8 4 10 24 5 7 23 3 20 9 6 15 22 11 16 29 26 19 0
-1 2 8 -1 -1 -1 3 5 15 -1 4 17 10 12 -1 -1 -1 16 18 -1 9 7 13 -1 -1 6 11 14 1 -1 0
-1 14 15 -1 -1 -1 16 10 12 -1 17 4 5 13 -1 -1 -1 11 18 -1 8 6 2 -1 -1 7 3 9 -1 0 1
