30
3
A O A A O B O A O A A A A A A A O A O A A O O B A O O A A A
O O O B A O A A O B O O A O O O B B O O A AB A O A A O A A O
A O O
0 1 2 4 5 6 7 8 10 11 12 13 14 15 18 19 20 22 23 24 25 26 27 28 29
0 1 2 5 8 10 11 13 14 15 18 19 23 26 29
0 1 2 4 5 6 7 8 10 11 12 13 14 15 18 19 20 22 23 24 25 26 27 28 29
0 1 2 4 5 6 7 8 10 11 12 13 14 15 18 19 20 22 23 24 25 26 27 28 29
0 1 2 5 8 10 11 13 14 15 18 19 23 26 29
0 1 2 3 5 8 9 10 11 13 14 15 16 17 18 19 23 26 29
0 1 2 5 8 10 11 13 14 15 18 19 23 26 29
0 1 2 4 5 6 7 8 10 11 12 13 14 15 18 19 20 22 23 24 25 26 27 28 29
0 1 2 5 8 10 11 13 14 15 18 19 23 26 29
0 1 2 4 5 6 7 8 10 11 12 13 14 15 18 19 20 22 23 24 25 26 27 28 29
0 1 2 4 5 6 7 8 10 11 12 13 14 15 18 19 20 22 23 24 25 26 27 28 29
0 1 2 4 5 6 7 8 10 11 12 13 14 15 18 19 20 22 23 24 25 26 27 28 29
0 1 2 4 5 6 7 8 10 11 12 13 14 15 18 19 20 22 23 24 25 26 27 28 29
0 1 2 4 5 6 7 8 10 11 12 13 14 15 18 19 20 22 23 24 25 26 27 28 29
0 1 2 4 5 6 7 8 10 11 12 13 14 15 18 19 20 22 23 24 25 26 27 28 29
0 1 2 4 5 6 7 8 10 11 12 13 14 15 18 19 20 22 23 24 25 26 27 28 29
0 1 2 5 8 10 11 13 14 15 18 19 23 26 29
0 1 2 4 5 6 7 8 10 11 12 13 14 15 18 19 20 22 23 24 25 26 27 28 29
0 1 2 5 8 10 11 13 14 15 18 19 23 26 29
0 1 2 4 5 6 7 8 10 11 12 13 14 15 18 19 20 22 23 24 25 26 27 28 29
0 1 2 4 5 6 7 8 10 11 12 13 14 15 18 19 20 22 23 24 25 26 27 28 29
0 1 2 5 8 10 11 13 14 15 18 19 23 26 29
0 1 2 5 8 10 11 13 14 15 18 19 23 26 29
0 1 2 3 5 8 9 10 11 13 14 15 16 17 18 19 23 26 29
0 1 2 4 5 6 7 8 10 11 12 13 14 15 18 19 20 22 23 24 25 26 27 28 29
0 1 2 5 8 10 11 13 14 15 18 19 23 26 29
0 1 2 5 8 10 11 13 14 15 18 19 23 26 29
0 1 2 4 5 6 7 8 10 11 12 13 14 15 18 19 20 22 23 24 25 26 27 28 29
0 1 2 4 5 6 7 8 10 11 12 13 14 15 18 19 20 22 23 24 25 26 27 28 29
0 1 2 4 5 6 7 8 10 11 12 13 14 15 18 19 20 22 23 24 25 26 27 28 29
1 2 23 -1 16 25 19 20 18 -1 8 22 24 12 13 3 -1 -1 14 4 6 -1 17 11 7 9 15 21 5 10 0
4 0 10 -1 -1 11 -1 -1 15 -1 3 7 -1 5 2 8 -1 -1 14 6 -1 -1 -1 13 -1 -1 9 -1 -1 12 1
15 21 0 -1 10 17 7 22 13 -1 2 23 24 4 25 20 -1 -1 11 5 18 -1 3 12 19 6 8 14 9 16 1
3 20 18 -1 24 9 22 23 12 -1 13 16 17 11 2 8 -1 -1 19 7 21 -1 25 14 4 10 15 5 1 6 0
11 6 13 -1 -1 7 -1 -1 3 -1 1 12 -1 14 5 10 -1 -1 4 9 -1 -1 -1 2 -1 -1 15 -1 -1 8 0
2 6 15 12 -1 0 -1 -1 11 19 17 3 -1 10 13 4 18 14 16 8 -1 -1 -1 5 -1 -1 9 -1 -1 7 1
14 8 15 -1 -1 11 -1 -1 4 -1 6 13 -1 12 1 7 -1 -1 9 5 -1 -1 -1 2 -1 -1 3 -1 -1 10 0
15 3 20 -1 5 23 9 1 6 -1 7 17 24 22 10 11 -1 -1 12 2 25 -1 13 18 16 19 14 8 21 4 0
14 5 9 -1 -1 13 -1 -1 1 -1 4 8 -1 7 11 15 -1 -1 12 10 -1 -1 -1 3 -1 -1 2 -1 -1 6 0
5 21 1 -1 16 12 23 17 10 -1 3 20 9 13 25 7 -1 -1 2 6 24 -1 11 14 18 19 8 22 4 15 0
10 14 23 -1 7 9 24 15 13 -1 0 3 22 12 17 8 -1 -1 11 25 2 -1 18 4 21 16 5 20 6 19 1
7 19 18 -1 3 17 20 14 13 -1 22 0 16 4 2 23 -1 -1 12 8 21 -1 25 5 11 9 6 24 15 10 1
15 5 4 -1 16 25 8 24 12 -1 6 9 0 17 3 14 -1 -1 19 22 13 -1 11 21 2 23 7 18 10 20 1
6 2 21 -1 5 24 19 4 3 -1 25 17 7 0 18 16 -1 -1 22 23 12 -1 9 13 10 8 20 11 14 15 1
5 13 23 -1 10 6 25 4 14 -1 16 24 21 22 0 20 -1 -1 11 9 12 -1 7 8 19 17 15 18 2 3 1
16 17 11 -1 2 18 7 3 9 -1 14 6 24 21 25 1 -1 -1 23 20 8 -1 19 13 22 15 12 4 5 10 0
4 7 15 -1 -1 11 -1 -1 1 -1 6 9 -1 14 3 10 -1 -1 13 2 -1 -1 -1 5 -1 -1 12 -1 -1 8 0
6 11 18 -1 4 24 25 16 5 -1 7 17 22 19 15 23 -1 -1 20 8 12 -1 13 21 10 2 3 1 14 9 0
14 9 6 -1 -1 3 -1 -1 15 -1 12 4 -1 8 7 11 -1 -1 1 10 -1 -1 -1 2 -1 -1 5 -1 -1 13 0
14 5 13 -1 12 15 22 24 6 -1 3 16 25 2 17 4 -1 -1 20 0 7 -1 11 23 21 18 9 19 10 8 1
15 16 14 -1 13 18 17 25 12 -1 11 3 9 4 20 19 -1 -1 21 22 0 -1 7 8 6 5 2 23 24 10 1
11 15 12 -1 -1 7 -1 -1 8 -1 1 2 -1 9 5 4 -1 -1 13 10 -1 -1 -1 14 -1 -1 3 -1 -1 6 0
14 11 4 -1 -1 3 -1 -1 12 -1 1 5 -1 13 9 7 -1 -1 10 6 -1 -1 -1 8 -1 -1 2 -1 -1 15 0
6 15 3 9 -1 16 -1 -1 14 19 18 8 -1 2 13 7 17 12 5 4 -1 -1 -1 0 -1 -1 11 -1 -1 10 1
12 15 3 -1 16 14 23 11 9 -1 18 24 20 10 21 5 -1 -1 13 7 25 -1 17 22 1 4 6 8 19 2 0
9 12 2 -1 -1 5 -1 -1 14 -1 3 13 -1 1 10 11 -1 -1 6 7 -1 -1 -1 8 -1 -1 4 -1 -1 15 0
6 3 12 -1 -1 14 -1 -1 4 -1 11 8 -1 13 5 7 -1 -1 2 15 -1 -1 -1 9 -1 -1 1 -1 -1 10 0
20 4 22 -1 7 19 14 24 25 -1 8 16 11 5 17 13 -1 -1 2 23 18 -1 6 10 9 12 3 1 15 21 0
16 14 15 -1 23 2 6 19 10 -1 9 22 24 11 12 5 -1 -1 21 25 4 -1 18 20 7 8 13 17 1 3 0
10 22 15 -1 3 17 16 12 11 -1 24 9 4 2 19 6 -1 -1 25 13 5 -1 23 8 14 20 18 7 21 0 1
