30
3
A AB A O O O O A A AB O A A A A O O O B B A A O O O A A B B B
O O A A O A A AB A A A A O A AB O A O O AB O O O A A O A O A B
AB O A
0 1 2 3 4 5 6 8 9 10 11 12 13 15 16 17 18 20 21 22 23 24 25 26 27 28
0 1 2 3 4 5 6 7 8 9 10 11 12 13 14 15 16 17 18 19 20 21 22 23 24 25 26 27 28 29
0 1 2 3 4 5 6 8 9 10 11 12 13 15 16 17 18 20 21 22 23 24 25 26 27 28
0 1 4 12 15 17 18 20 21 22 25 27
0 1 4 12 15 17 18 20 21 22 25 27
0 1 4 12 15 17 18 20 21 22 25 27
0 1 4 12 15 17 18 20 21 22 25 27
0 1 2 3 4 5 6 8 9 10 11 12 13 15 16 17 18 20 21 22 23 24 25 26 27 28
0 1 2 3 4 5 6 8 9 10 11 12 13 15 16 17 18 20 21 22 23 24 25 26 27 28
0 1 2 3 4 5 6 7 8 9 10 11 12 13 14 15 16 17 18 19 20 21 22 23 24 25 26 27 28 29
0 1 4 12 15 17 18 20 21 22 25 27
0 1 2 3 4 5 6 8 9 10 11 12 13 15 16 17 18 20 21 22 23 24 25 26 27 28
0 1 2 3 4 5 6 8 9 10 11 12 13 15 16 17 18 20 21 22 23 24 25 26 27 28
0 1 2 3 4 5 6 8 9 10 11 12 13 15 16 17 18 20 21 22 23 24 25 26 27 28
0 1 2 3 4 5 6 8 9 10 11 12 13 15 16 17 18 20 21 22 23 24 25 26 27 28
0 1 4 12 15 17 18 20 21 22 25 27
0 1 4 12 15 17 18 20 21 22 25 27
0 1 4 12 15 17 18 20 21 22 25 27
0 1 4 12 15 17 18 20 21 22 25 27 29
0 1 4 12 15 17 18 20 21 22 25 27 29
0 1 2 3 4 5 6 8 9 10 11 12 13 15 16 17 18 20 21 22 23 24 25 26 27 28
0 1 2 3 4 5 6 8 9 10 11 12 13 15 16 17 18 20 21 22 23 24 25 26 27 28
0 1 4 12 15 17 18 20 21 22 25 27
0 1 4 12 15 17 18 20 21 22 25 27
0 1 4 12 15 17 18 20 21 22 25 27
0 1 2 3 4 5 6 8 9 10 11 12 13 15 16 17 18 20 21 22 23 24 25 26 27 28
0 1 2 3 4 5 6 8 9 10 11 12 13 15 16 17 18 20 21 22 23 24 25 26 27 28
0 1 4 12 15 17 18 20 21 22 25 27 29
0 1 4 12 15 17 18 20 21 22 25 27 29
0 1 4 12 15 17 18 20 21 22 25 27 29
0 20 12 4 8 22 13 -1 16 26 2 18 9 10 -1 11 23 19 14 -1 3 6 25 17 7 21 5 24 15 -1 1
14 0 12 3 18 27 6 11 26 10 21 29 20 16 5 8 15 17 13 24 30 23 4 7 22 9 19 28 25 2 1
16 6 0 2 23 15 24 -1 7 19 4 14 20 8 -1 13 22 26 18 -1 25 9 17 10 11 21 12 5 3 -1 1
12 9 -1 -1 1 -1 -1 -1 -1 -1 -1 -1 11 -1 -1 3 -1 10 6 -1 2 5 8 -1 -1 4 -1 7 -1 -1 0
11 5 -1 -1 1 -1 -1 -1 -1 -1 -1 -1 3 -1 -1 8 -1 4 7 -1 2 6 12 -1 -1 9 -1 10 -1 -1 0
11 4 -1 -1 5 -1 -1 -1 -1 -1 -1 -1 7 -1 -1 1 -1 2 10 -1 8 6 9 -1 -1 3 -1 12 -1 -1 0
1 10 -1 -1 2 -1 -1 -1 -1 -1 -1 -1 11 -1 -1 7 -1 3 12 -1 5 4 8 -1 -1 9 -1 6 -1 -1 0
24 22 14 3 2 8 17 -1 15 16 7 12 19 13 -1 18 21 11 26 -1 20 5 25 6 1 10 9 23 4 -1 0
10 14 22 3 13 4 2 -1 1 23 11 16 12 21 -1 25 8 19 24 -1 9 5 18 7 20 6 26 15 17 -1 0
24 12 16 30 28 22 27 19 9 1 14 7 5 15 11 6 8 20 10 21 29 26 4 18 17 25 13 3 2 23 0
3 7 -1 -1 11 -1 -1 -1 -1 -1 -1 -1 12 -1 -1 5 -1 9 10 -1 8 1 2 -1 -1 6 -1 4 -1 -1 0
23 7 8 14 5 24 11 -1 12 20 19 1 4 22 -1 21 9 16 6 -1 15 17 13 18 10 2 26 3 25 -1 0
23 24 21 14 18 16 22 -1 10 3 6 25 1 11 -1 20 4 17 12 -1 5 9 13 8 19 7 15 26 2 -1 0
5 12 8 23 11 24 9 -1 21 16 15 7 2 0 -1 10 4 22 26 -1 18 13 20 6 17 19 25 14 3 -1 1
4 20 3 12 7 22 13 -1 5 26 14 11 15 19 -1 6 1 8 18 -1 2 9 21 17 25 16 23 24 10 -1 0
4 3 -1 -1 7 -1 -1 -1 -1 -1 -1 -1 12 -1 -1 1 -1 6 9 -1 10 8 11 -1 -1 2 -1 5 -1 -1 0
6 5 -1 -1 12 -1 -1 -1 -1 -1 -1 -1 9 -1 -1 4 -1 8 2 -1 11 7 1 -1 -1 10 -1 3 -1 -1 0
7 11 -1 -1 6 -1 -1 -1 -1 -1 -1 -1 4 -1 -1 12 -1 0 8 -1 3 5 9 -1 -1 2 -1 10 -1 -1 1
12 7 -1 -1 8 -1 -1 -1 -1 -1 -1 -1 3 -1 -1 10 -1 4 0 -1 13 11 9 -1 -1 2 -1 5 -1 6 1
4 9 -1 -1 2 -1 -1 -1 -1 -1 -1 -1 10 -1 -1 7 -1 1 3 -1 12 6 5 -1 -1 13 -1 11 -1 8 0
4 17 11 15 6 23 19 -1 20 8 7 26 21 3 -1 12 24 13 9 -1 0 25 22 16 5 10 2 14 18 -1 1
5 23 18 11 20 22 13 -1 9 3 6 2 8 24 -1 14 16 25 17 -1 7 0 19 12 15 4 26 10 21 -1 1
9 5 -1 -1 6 -1 -1 -1 -1 -1 -1 -1 2 -1 -1 10 -1 12 4 -1 7 11 0 -1 -1 8 -1 3 -1 -1 1
1 11 -1 -1 5 -1 -1 -1 -1 -1 -1 -1 10 -1 -1 6 -1 3 8 -1 4 2 7 -1 -1 12 -1 9 -1 -1 0
3 11 -1 -1 2 -1 -1 -1 -1 -1 -1 -1 4 -1 -1 7 -1 5 12 -1 10 8 1 -1 -1 6 -1 9 -1 -1 0
2 10 20 21 23 22 9 -1 13 4 7 26 6 19 -1 16 15 12 11 -1 5 18 14 17 8 1 24 25 3 -1 0
15 12 24 5 6 4 25 -1 23 2 8 11 3 19 -1 14 18 10 22 -1 13 21 16 17 26 20 1 9 7 -1 0
10 12 -1 -1 5 -1 -1 -1 -1 -1 -1 -1 11 -1 -1 4 -1 9 8 -1 13 7 3 -1 -1 6 -1 0 -1 2 1
4 6 -1 -1 1 -1 -1 -1 -1 -1 -1 -1 7 -1 -1 5 -1 10 3 -1 11 8 13 -1 -1 2 -1 12 -1 9 0
13 5 -1 -1 3 -1 -1 -1 -1 -1 -1 -1 2 -1 -1 7 -1 12 6 -1 11 10 8 -1 -1 9 -1 4 -1 0 1
