30
3
AB A O O A O B O O A A O O O O A A A A O A O A B A A O O A A
O A A AB A A AB O O O O O O O A A A O AB A O A A B O O O A O O
B O A
0 1 2 3 4 5 6 7 8 9 10 11 12 13 14 15 16 17 18 19 20 21 22 23 24 25 26 27 28 29
0 1 2 4 5 7 8 9 10 11 12 13 14 15 16 17 19 20 21 22 24 25 26 27 28 29
0 7 8 9 10 11 12 13 17 20 24 25 26 28 29
0 7 8 9 10 11 12 13 17 20 24 25 26 28 29
0 1 2 4 5 7 8 9 10 11 12 13 14 15 16 17 19 20 21 22 24 25 26 27 28 29
0 7 8 9 10 11 12 13 17 20 24 25 26 28 29
0 7 8 9 10 11 12 13 17 20 23 24 25 26 28 29
0 7 8 9 10 11 12 13 17 20 24 25 26 28 29
0 7 8 9 10 11 12 13 17 20 24 25 26 28 29
0 1 2 4 5 7 8 9 10 11 12 13 14 15 16 17 19 20 21 22 24 25 26 27 28 29
0 1 2 4 5 7 8 9 10 11 12 13 14 15 16 17 19 20 21 22 24 25 26 27 28 29
0 7 8 9 10 11 12 13 17 20 24 25 26 28 29
0 7 8 9 10 11 12 13 17 20 24 25 26 28 29
0 7 8 9 10 11 12 13 17 20 24 25 26 28 29
0 7 8 9 10 11 12 13 17 20 24 25 26 28 29
0 1 2 4 5 7 8 9 10 11 12 13 14 15 16 17 19 20 21 22 24 25 26 27 28 29
0 1 2 4 5 7 8 9 10 11 12 13 14 15 16 17 19 20 21 22 24 25 26 27 28 29
0 1 2 4 5 7 8 9 10 11 12 13 14 15 16 17 19 20 21 22 24 25 26 27 28 29
0 1 2 4 5 7 8 9 10 11 12 13 14 15 16 17 19 20 21 22 24 25 26 27 28 29
0 7 8 9 10 11 12 13 17 20 24 25 26 28 29
0 1 2 4 5 7 8 9 10 11 12 13 14 15 16 17 19 20 21 22 24 25 26 27 28 29
0 7 8 9 10 11 12 13 17 20 24 25 26 28 29
0 1 2 4 5 7 8 9 10 11 12 13 14 15 16 17 19 20 21 22 24 25 26 27 28 29
0 7 8 9 10 11 12 13 17 20 23 24 25 26 28 29
0 1 2 4 5 7 8 9 10 11 12 13 14 15 16 17 19 20 21 22 24 25 26 27 28 29
0 1 2 4 5 7 8 9 10 11 12 13 14 15 16 17 19 20 21 22 24 25 26 27 28 29
0 7 8 9 10 11 12 13 17 20 24 25 26 28 29
0 7 8 9 10 11 12 13 17 20 24 25 26 28 29
0 1 2 4 5 7 8 9 10 11 12 13 14 15 16 17 19 20 21 22 24 25 26 27 28 29
0 1 2 4 5 7 8 9 10 11 12 13 14 15 16 17 19 20 21 22 24 25 26 27 28 29
-1 23 4 8 26 22 27 2 9 25 17 7 11 19 28 13 12 1 30 20 24 5 16 21 3 18 29 14 10 6 0
8 -1 2 -1 21 23 -1 17 13 12 24 18 10 6 20 4 3 19 -1 15 11 1 22 -1 25 9 16 7 14 5 0
9 -1 1 -1 -1 -1 -1 13 3 16 8 11 6 12 -1 -1 -1 15 -1 -1 4 -1 -1 -1 7 5 2 -1 14 10 0
10 -1 -1 0 -1 -1 -1 6 15 11 4 16 7 3 -1 -1 -1 2 -1 -1 14 -1 -1 -1 5 12 13 -1 8 9 1
7 18 3 -1 -1 9 -1 19 21 2 22 4 20 26 12 13 8 15 -1 10 23 1 6 -1 24 16 17 14 11 5 0
10 -1 -1 -1 -1 0 -1 9 13 4 7 5 11 12 -1 -1 -1 6 -1 -1 8 -1 -1 -1 16 14 3 -1 15 2 1
9 -1 -1 -1 -1 -1 1 4 6 12 15 3 7 11 -1 -1 -1 2 -1 -1 16 -1 -1 8 13 5 10 -1 17 14 0
10 -1 -1 -1 -1 -1 -1 -1 7 1 4 5 8 6 -1 -1 -1 13 -1 -1 14 -1 -1 -1 15 12 3 -1 9 2 0
2 -1 -1 -1 -1 -1 -1 5 -1 13 12 1 11 4 -1 -1 -1 10 -1 -1 8 -1 -1 -1 15 14 6 -1 3 7 0
19 7 18 -1 8 14 -1 21 22 -1 6 4 9 16 1 15 24 5 -1 20 23 25 17 -1 12 13 3 26 11 10 0
5 2 3 -1 24 25 -1 10 22 14 -1 17 8 9 4 6 13 7 -1 11 16 15 18 -1 26 1 12 20 23 21 0
8 -1 -1 -1 -1 -1 -1 2 4 1 13 -1 12 7 -1 -1 -1 6 -1 -1 9 -1 -1 -1 5 11 10 -1 14 3 0
7 -1 -1 -1 -1 -1 -1 2 11 9 1 5 -1 10 -1 -1 -1 12 -1 -1 8 -1 -1 -1 3 15 6 -1 4 13 0
9 -1 -1 -1 -1 -1 -1 12 8 11 3 15 13 -1 -1 -1 -1 5 -1 -1 4 -1 -1 -1 6 10 2 -1 14 7 0
8 -1 -1 -1 -1 -1 -1 9 15 13 7 11 12 4 1 -1 -1 14 -1 -1 3 -1 -1 -1 2 10 5 -1 16 6 0
8 1 9 -1 19 26 -1 3 14 20 7 11 22 10 4 -1 24 18 -1 23 5 6 16 -1 17 2 25 13 21 12 0
10 16 11 -1 26 8 -1 21 22 18 13 6 2 12 14 15 -1 23 -1 17 1 9 20 -1 25 3 19 7 4 5 0
14 7 16 -1 19 5 -1 25 15 3 17 12 22 26 6 2 9 -1 -1 1 24 13 21 -1 8 4 10 18 20 23 0
9 14 21 -1 26 13 -1 15 25 2 22 5 23 18 17 8 4 27 1 7 3 10 24 -1 12 20 11 19 6 16 0
3 -1 -1 -1 -1 -1 -1 15 9 7 14 2 16 5 -1 -1 -1 12 -1 0 4 -1 -1 -1 11 8 13 -1 10 6 1
4 19 8 -1 14 12 -1 15 22 16 9 18 26 20 24 6 23 17 -1 11 -1 1 3 -1 21 25 10 5 2 7 0
7 -1 -1 -1 -1 -1 -1 11 13 8 12 9 14 2 -1 -1 -1 16 -1 -1 5 0 -1 -1 4 6 10 -1 15 3 1
14 15 6 -1 22 26 -1 1 8 10 9 12 3 13 16 24 23 18 -1 4 19 25 -1 -1 2 20 11 5 17 21 0
1 -1 -1 -1 -1 -1 -1 13 6 4 9 11 2 8 -1 -1 -1 12 -1 -1 5 -1 -1 -1 15 16 7 -1 10 3 0
3 10 16 -1 2 5 -1 8 26 6 23 12 11 18 17 14 24 22 -1 20 19 7 21 -1 -1 4 9 13 25 15 0
25 3 8 -1 1 14 -1 9 23 16 6 2 15 7 12 11 18 26 -1 24 5 17 13 -1 22 -1 10 4 19 21 0
8 -1 -1 -1 -1 -1 -1 5 9 12 3 13 1 6 -1 -1 -1 10 -1 -1 2 -1 -1 -1 15 4 -1 -1 7 11 0
7 -1 -1 -1 -1 -1 -1 4 8 6 13 15 16 10 -1 -1 -1 5 -1 -1 9 -1 -1 -1 2 3 14 0 12 11 1
17 24 6 -1 20 22 -1 2 23 12 7 19 25 5 3 9 10 14 -1 11 8 1 16 -1 15 13 4 21 -1 26 0
11 15 1 -1 3 6 -1 13 9 16 19 25 2 8 5 4 20 26 -1 7 17 14 10 -1 18 24 23 21 22 -1 0
