30
3
A O A O A O O O A A A A O B O A A A A O O A A O A A A A O O
O O A O O A A B A B O O O A O O B O O AB A O O O A O A O B A
A A O
0 1 2 3 4 5 6 8 10 11 12 13 14 15 17 18 20 21 22 23 24 25 26 27 29
0 1 3 4 10 11 12 14 15 17 18 21 22 23 25 27
0 1 2 3 4 5 6 8 10 11 12 13 14 15 17 18 20 21 22 23 24 25 26 27 29
0 1 3 4 10 11 12 14 15 17 18 21 22 23 25 27
0 1 2 3 4 5 6 8 10 11 12 13 14 15 17 18 20 21 22 23 24 25 26 27 29
0 1 3 4 10 11 12 14 15 17 18 21 22 23 25 27
0 1 3 4 10 11 12 14 15 17 18 21 22 23 25 27
0 1 3 4 10 11 12 14 15 17 18 21 22 23 25 27
0 1 2 3 4 5 6 8 10 11 12 13 14 15 17 18 20 21 22 23 24 25 26 27 29
0 1 2 3 4 5 6 8 10 11 12 13 14 15 17 18 20 21 22 23 24 25 26 27 29
0 1 2 3 4 5 6 8 10 11 12 13 14 15 17 18 20 21 22 23 24 25 26 27 29
0 1 2 3 4 5 6 8 10 11 12 13 14 15 17 18 20 21 22 23 24 25 26 27 29
0 1 3 4 10 11 12 14 15 17 18 21 22 23 25 27
0 1 3 4 7 9 10 11 12 14 15 16 17 18 21 22 23 25 27 28
0 1 3 4 10 11 12 14 15 17 18 21 22 23 25 27
0 1 2 3 4 5 6 8 10 11 12 13 14 15 17 18 20 21 22 23 24 25 26 27 29
0 1 2 3 4 5 6 8 10 11 12 13 14 15 17 18 20 21 22 23 24 25 26 27 29
0 1 2 3 4 5 6 8 10 11 12 13 14 15 17 18 20 21 22 23 24 25 26 27 29
0 1 2 3 4 5 6 8 10 11 12 13 14 15 17 18 20 21 22 23 24 25 26 27 29
0 1 3 4 10 11 12 14 15 17 18 21 22 23 25 27
0 1 3 4 10 11 12 14 15 17 18 21 22 23 25 27
0 1 2 3 4 5 6 8 10 11 12 13 14 15 17 18 20 21 22 23 24 25 26 27 29
0 1 2 3 4 5 6 8 10 11 12 13 14 15 17 18 20 21 22 23 24 25 26 27 29
0 1 3 4 10 11 12 14 15 17 18 21 22 23 25 27
0 1 2 3 4 5 6 8 10 11 12 13 14 15 17 18 20 21 22 23 24 25 26 27 29
0 1 2 3 4 5 6 8 10 11 12 13 14 15 17 18 20 21 22 23 24 25 26 27 29
0 1 2 3 4 5 6 8 10 11 12 13 14 15 17 18 20 21 22 23 24 25 26 27 29
0 1 2 3 4 5 6 8 10 11 12 13 14 15 17 18 20 21 22 23 24 25 26 27 29
0 1 3 4 10 11 12 14 15 17 18 21 22 23 25 27
0 1 3 4 10 11 12 14 15 17 18 21 22 23 25 27
3 24 1 14 21 2 22 -1 12 -1 8 5 10 4 15 23 -1 20 13 -1 25 19 18 7 6 16 17 9 -1 11 0
7 16 -1 1 3 -1 -1 -1 -1 -1 12 9 15 -1 8 14 -1 11 5 -1 -1 4 10 13 -1 6 -1 2 -1 -1 0
16 20 23 4 11 7 19 -1 21 -1 18 14 9 13 8 25 -1 22 15 -1 3 24 2 10 1 17 5 6 -1 12 0
8 5 -1 12 9 -1 -1 -1 -1 -1 4 14 15 -1 1 6 -1 13 2 -1 -1 7 3 11 -1 16 -1 10 -1 -1 0
19 18 10 4 7 5 14 -1 8 -1 22 17 25 15 16 21 -1 2 9 -1 1 6 11 3 13 20 23 24 -1 12 0
12 10 -1 7 9 0 -1 -1 -1 -1 14 4 13 -1 2 11 -1 5 3 -1 -1 17 15 6 -1 8 -1 16 -1 -1 1
10 3 -1 8 16 -1 1 -1 -1 -1 6 2 14 -1 11 7 -1 9 17 -1 -1 12 15 13 -1 4 -1 5 -1 -1 0
17 2 -1 7 15 -1 -1 1 -1 -1 14 9 11 -1 10 4 -1 5 3 -1 -1 13 12 6 -1 16 -1 8 -1 -1 0
23 13 3 6 12 22 17 -1 16 -1 10 14 5 25 8 24 -1 4 1 -1 20 7 11 15 2 9 21 19 -1 18 0
11 16 20 10 25 17 7 -1 15 0 2 18 22 21 23 8 -1 12 3 -1 14 5 19 24 4 9 6 13 -1 26 1
2 6 24 23 7 13 16 -1 20 -1 10 8 11 1 14 25 -1 18 22 -1 3 9 12 19 17 21 15 5 -1 4 0
20 11 15 2 1 17 19 -1 3 -1 13 10 16 4 22 25 -1 23 6 -1 14 18 7 24 12 5 9 21 -1 8 0
6 3 -1 1 9 -1 -1 -1 -1 -1 14 15 13 -1 11 2 -1 7 12 -1 -1 10 8 4 -1 5 -1 16 -1 -1 0
20 7 -1 12 15 -1 -1 10 -1 5 19 9 17 1 2 13 16 3 18 -1 -1 11 21 4 -1 14 -1 6 8 -1 0
10 8 -1 3 2 -1 -1 -1 -1 -1 12 11 9 -1 15 5 -1 13 4 -1 -1 7 1 6 -1 16 -1 14 -1 -1 0
17 2 21 8 10 13 14 -1 18 -1 12 1 20 6 7 11 -1 3 23 -1 5 25 16 24 19 22 9 15 -1 4 0
22 7 4 11 14 2 9 -1 20 -1 25 17 19 18 15 8 1 6 5 -1 13 16 3 21 26 10 24 23 -1 12 0
10 16 23 3 21 24 7 -1 8 -1 22 5 4 17 6 1 -1 9 15 -1 18 11 25 20 12 19 2 14 -1 13 0
17 15 10 24 5 8 25 -1 18 -1 13 12 22 6 16 9 -1 7 3 -1 11 2 20 21 4 19 1 23 -1 14 0
15 4 -1 8 14 -1 -1 -1 -1 -1 12 3 6 -1 9 2 -1 17 11 1 -1 5 7 10 -1 16 -1 13 -1 -1 0
9 12 -1 5 16 -1 -1 -1 -1 -1 14 11 7 -1 17 8 -1 3 4 -1 1 6 10 13 -1 15 -1 2 -1 -1 0
10 11 8 3 14 17 6 -1 1 -1 12 25 9 24 23 7 -1 5 18 -1 19 15 21 13 2 16 20 22 -1 4 0
10 4 3 22 20 7 13 -1 6 -1 21 17 23 2 14 5 -1 19 18 -1 8 24 15 9 25 12 1 16 -1 11 0
9 12 -1 5 16 -1 -1 -1 -1 -1 10 6 3 -1 1 8 -1 11 13 -1 -1 14 7 2 -1 4 -1 15 -1 -1 0
10 2 11 18 12 23 13 -1 17 -1 3 22 8 1 9 6 -1 24 21 -1 5 4 7 19 16 15 14 20 -1 25 0
17 13 8 9 10 16 24 -1 22 -1 20 14 12 23 15 4 -1 1 6 -1 19 25 2 11 21 5 18 3 -1 7 0
12 5 3 7 2 6 10 -1 8 -1 22 20 11 25 24 18 -1 17 15 -1 21 13 14 4 19 9 23 1 -1 16 0
9 3 8 4 24 14 5 -1 13 -1 25 22 10 21 23 20 -1 16 11 -1 7 18 12 2 1 17 6 15 -1 19 0
12 6 -1 8 4 -1 -1 -1 -1 -1 5 9 13 -1 7 11 -1 2 16 -1 -1 14 10 3 -1 17 -1 15 0 -1 1
15 5 -1 9 3 -1 -1 -1 -1 -1 7 2 8 -1 14 6 -1 17 10 -1 -1 13 12 16 -1 4 -1 11 -1 1 0
