30
3
A O AB B AB A A O A B O O B AB A O A O A B O A O A O O A O O O
A A O O A O A O A A A O A A O O A O B O O B A A O O O A AB O
A O O
0 1 2 3 4 5 6 7 8 9 10 11 12 13 14 15 16 17 19 20 22 23 24 25 26 27 29
2 3 5 7 11 14 15 17 19 20 24 25 26 29
0 1 2 3 4 5 6 7 8 9 10 11 12 13 14 15 16 17 18 19 20 21 22 23 24 25 26 27 28 29
2 3 5 7 11 14 15 17 18 19 20 21 24 25 26 29
0 1 2 3 4 5 6 7 8 9 10 11 12 13 14 15 16 17 18 19 20 21 22 23 24 25 26 27 28 29
0 1 2 3 4 5 6 7 8 9 10 11 12 13 14 15 16 17 19 20 22 23 24 25 26 27 29
0 1 2 3 4 5 6 7 8 9 10 11 12 13 14 15 16 17 19 20 22 23 24 25 26 27 29
2 3 5 7 11 14 15 17 19 20 24 25 26 29
0 1 2 3 4 5 6 7 8 9 10 11 12 13 14 15 16 17 19 20 22 23 24 25 26 27 29
2 3 5 7 11 14 15 17 18 19 20 21 24 25 26 29
2 3 5 7 11 14 15 17 19 20 24 25 26 29
2 3 5 7 11 14 15 17 19 20 24 25 26 29
2 3 5 7 11 14 15 17 18 19 20 21 24 25 26 29
0 1 2 3 4 5 6 7 8 9 10 11 12 13 14 15 16 17 18 19 20 21 22 23 24 25 26 27 28 29
0 1 2 3 4 5 6 7 8 9 10 11 12 13 14 15 16 17 19 20 22 23 24 25 26 27 29
2 3 5 7 11 14 15 17 19 20 24 25 26 29
0 1 2 3 4 5 6 7 8 9 10 11 12 13 14 15 16 17 19 20 22 23 24 25 26 27 29
2 3 5 7 11 14 15 17 19 20 24 25 26 29
0 1 2 3 4 5 6 7 8 9 10 11 12 13 14 15 16 17 19 20 22 23 24 25 26 27 29
2 3 5 7 11 14 15 17 18 19 20 21 24 25 26 29
2 3 5 7 11 14 15 17 19 20 24 25 26 29
0 1 2 3 4 5 6 7 8 9 10 11 12 13 14 15 16 17 19 20 22 23 24 25 26 27 29
2 3 5 7 11 14 15 17 19 20 24 25 26 29
0 1 2 3 4 5 6 7 8 9 10 11 12 13 14 15 16 17 19 20 22 23 24 25 26 27 29
2 3 5 7 11 14 15 17 19 20 24 25 26 29
2 3 5 7 11 14 15 17 19 20 24 25 26 29
0 1 2 3 4 5 6 7 8 9 10 11 12 13 14 15 16 17 19 20 22 23 24 25 26 27 29
2 3 5 7 11 14 15 17 19 20 24 25 26 29
2 3 5 7 11 14 15 17 19 20 24 25 26 29
2 3 5 7 11 14 15 17 19 20 24 25 26 29
13 10 20 21 2 22 26 1 3 9 8 11 7 17 12 25 18 24 -1 4 27 -1 15 16 19 5 14 6 -1 23 0
-1 1 13 11 -1 10 -1 15 -1 -1 -1 12 -1 -1 3 5 -1 4 -1 7 9 -1 -1 -1 8 2 14 -1 -1 6 0
2 9 3 28 7 1 5 18 13 11 12 22 16 17 29 19 25 10 15 24 27 20 4 14 8 30 21 26 23 6 0
-1 -1 4 3 -1 8 -1 11 -1 -1 -1 6 -1 -1 12 14 -1 13 2 5 7 10 -1 -1 16 15 1 -1 -1 9 0
6 27 7 25 21 13 8 30 16 9 29 26 1 22 12 23 2 20 3 17 10 14 28 5 19 24 15 18 4 11 0
18 25 8 6 21 11 19 17 4 14 13 2 22 16 26 9 7 10 -1 27 20 -1 23 15 24 5 1 12 -1 3 0
4 19 17 7 13 2 26 16 9 12 11 18 14 27 21 6 15 20 -1 25 5 -1 10 1 24 3 23 8 -1 22 0
-1 -1 7 5 -1 3 -1 6 -1 -1 -1 9 -1 -1 8 13 -1 1 -1 11 14 -1 -1 -1 10 2 4 -1 -1 12 0
7 21 23 16 14 27 11 3 13 17 24 12 18 4 9 20 26 19 -1 22 1 -1 10 5 6 15 8 2 -1 25 0
-1 -1 2 12 -1 7 -1 9 -1 1 -1 13 -1 -1 17 16 -1 11 6 5 14 15 -1 -1 3 4 10 -1 -1 8 0
-1 -1 3 7 -1 14 -1 4 -1 -1 0 12 -1 -1 10 15 -1 8 -1 6 11 -1 -1 -1 13 9 2 -1 -1 5 1
-1 -1 11 1 -1 13 -1 5 -1 -1 -1 2 -1 -1 7 4 -1 6 -1 3 10 -1 -1 -1 14 9 12 -1 -1 8 0
-1 -1 11 17 -1 9 -1 15 -1 -1 -1 16 1 -1 2 8 -1 3 6 13 4 14 -1 -1 10 7 12 -1 -1 5 0
11 14 12 22 30 24 15 29 20 5 9 25 6 17 8 18 7 2 3 19 23 16 21 4 13 1 10 27 26 28 0
10 20 3 21 13 4 2 18 6 27 16 12 7 17 23 19 26 25 -1 1 9 -1 11 22 24 8 5 15 -1 14 0
-1 -1 6 7 -1 10 -1 1 -1 -1 -1 12 -1 -1 3 14 -1 5 -1 11 9 -1 -1 -1 4 8 2 -1 -1 13 0
9 8 15 6 23 4 18 25 21 27 19 7 24 14 13 3 26 2 -1 16 11 -1 5 1 17 20 22 10 -1 12 0
-1 -1 7 9 -1 4 -1 13 -1 -1 -1 2 -1 -1 14 8 -1 12 -1 11 5 -1 -1 -1 10 6 1 -1 -1 3 0
28 17 26 15 8 16 5 18 24 14 12 13 7 3 9 11 6 20 0 25 19 -1 27 21 22 4 2 23 -1 10 1
-1 -1 10 4 -1 16 -1 5 -1 -1 -1 1 -1 -1 3 8 -1 2 7 11 9 12 -1 -1 13 14 15 -1 -1 6 0
-1 -1 13 6 -1 5 -1 9 -1 -1 -1 2 -1 -1 4 11 -1 7 -1 12 1 -1 -1 -1 8 14 10 -1 -1 3 0
16 12 15 6 22 27 11 4 18 13 5 7 10 26 25 8 17 2 -1 21 20 0 23 14 28 3 19 24 -1 9 1
-1 -1 9 10 -1 6 -1 14 -1 -1 -1 4 -1 -1 12 15 -1 11 -1 7 8 -1 1 -1 3 5 2 -1 -1 13 0
4 22 10 23 25 17 8 16 26 7 27 3 18 5 15 20 6 13 -1 11 12 -1 21 19 2 9 14 24 -1 1 0
-1 -1 3 2 -1 14 -1 10 -1 -1 -1 12 -1 -1 1 5 -1 6 -1 11 13 -1 -1 -1 7 8 9 -1 -1 4 0
-1 -1 4 1 -1 5 -1 14 -1 -1 -1 2 -1 -1 9 10 -1 12 -1 3 7 -1 -1 -1 8 13 11 -1 -1 6 0
12 10 2 22 26 9 21 13 7 3 8 18 15 5 25 27 23 24 -1 11 14 -1 6 19 1 16 4 20 -1 17 0
-1 -1 15 12 -1 8 -1 2 -1 -1 -1 7 -1 -1 13 3 -1 9 -1 10 14 -1 -1 -1 4 5 11 1 -1 6 0
-1 -1 10 14 -1 5 -1 2 -1 -1 -1 4 -1 -1 8 13 -1 9 -1 6 3 -1 -1 -1 11 12 15 -1 0 7 1
-1 -1 14 6 -1 5 -1 8 -1 -1 -1 1 -1 -1 12 11 -1 10 -1 7 9 -1 -1 -1 3 4 2 -1 -1 13 0
