30
3
O O A A A A A B A O A O B A A O B A A O A A O O O A A A O A
A A O A O A A A O A O O O O AB O AB AB O A A A O A O B A AB O B
O B O
2 4 8 10 11 12 13 15 18 22 24 28
2 4 8 10 11 12 13 15 18 22 24 28
0 1 2 3 4 5 6 7 8 9 10 11 12 13 15 18 19 20 21 22 23 24 26 28
0 1 2 3 4 5 6 7 8 9 10 11 12 13 15 18 19 20 21 22 23 24 26 28
0 1 2 3 4 5 6 7 8 9 10 11 12 13 15 18 19 20 21 22 23 24 26 28
0 1 2 3 4 5 6 7 8 9 10 11 12 13 15 18 19 20 21 22 23 24 26 28
0 1 2 3 4 5 6 7 8 9 10 11 12 13 15 18 19 20 21 22 23 24 26 28
2 4 8 10 11 12 13 15 18 22 24 25 28 29
0 1 2 3 4 5 6 7 8 9 10 11 12 13 15 18 19 20 21 22 23 24 26 28
2 4 8 10 11 12 13 15 18 22 24 28
0 1 2 3 4 5 6 7 8 9 10 11 12 13 15 18 19 20 21 22 23 24 26 28
2 4 8 10 11 12 13 15 18 22 24 28
2 4 8 10 11 12 13 15 18 22 24 25 28 29
0 1 2 3 4 5 6 7 8 9 10 11 12 13 15 18 19 20 21 22 23 24 26 28
0 1 2 3 4 5 6 7 8 9 10 11 12 13 15 18 19 20 21 22 23 24 26 28
2 4 8 10 11 12 13 15 18 22 24 28
2 4 8 10 11 12 13 15 18 22 24 25 28 29
0 1 2 3 4 5 6 7 8 9 10 11 12 13 15 18 19 20 21 22 23 24 26 28
0 1 2 3 4 5 6 7 8 9 10 11 12 13 15 18 19 20 21 22 23 24 26 28
2 4 8 10 11 12 13 15 18 22 24 28
0 1 2 3 4 5 6 7 8 9 10 11 12 13 15 18 19 20 21 22 23 24 26 28
0 1 2 3 4 5 6 7 8 9 10 11 12 13 15 18 19 20 21 22 23 24 26 28
2 4 8 10 11 12 13 15 18 22 24 28
2 4 8 10 11 12 13 15 18 22 24 28
2 4 8 10 11 12 13 15 18 22 24 28
0 1 2 3 4 5 6 7 8 9 10 11 12 13 15 18 19 20 21 22 23 24 26 28
0 1 2 3 4 5 6 7 8 9 10 11 12 13 15 18 19 20 21 22 23 24 26 28
0 1 2 3 4 5 6 7 8 9 10 11 12 13 15 18 19 20 21 22 23 24 26 28
2 4 8 10 11 12 13 15 18 22 24 28
0 1 2 3 4 5 6 7 8 9 10 11 12 13 15 18 19 20 21 22 23 24 26 28
0 -1 11 -1 3 -1 -1 -1 10 -1 7 2 4 13 -1 8 -1 -1 6 -1 -1 -1 12 -1 5 -1 -1 -1 9 -1 1
-1 1 11 -1 3 -1 -1 -1 13 -1 9 12 10 2 -1 8 -1 -1 7 -1 -1 -1 4 -1 6 -1 -1 -1 5 -1 0
1 11 -1 16 12 22 7 4 19 8 5 2 20 15 -1 17 -1 -1 23 3 10 21 24 6 14 -1 9 -1 13 -1 0
4 14 21 -1 12 7 19 18 5 15 2 16 22 13 -1 24 -1 -1 3 10 8 9 1 23 20 -1 11 -1 17 -1 0
3 10 15 8 -1 23 19 1 24 14 22 11 6 17 -1 5 -1 -1 13 7 18 12 21 2 9 -1 4 -1 20 -1 0
8 1 10 3 6 -1 11 16 19 20 21 9 12 13 -1 5 -1 -1 7 24 4 22 23 2 15 -1 18 -1 14 -1 0
13 16 5 22 9 23 -1 24 7 3 2 15 17 12 -1 11 -1 -1 4 18 19 1 14 21 20 -1 8 -1 10 -1 0
-1 -1 7 -1 9 -1 -1 0 3 -1 14 8 4 15 -1 11 -1 -1 13 -1 -1 -1 2 -1 12 10 -1 -1 5 6 1
1 12 14 20 11 22 7 6 -1 10 23 21 4 19 -1 16 -1 -1 17 5 9 15 8 24 3 -1 2 -1 18 -1 0
-1 -1 10 -1 11 -1 -1 -1 8 0 2 12 5 3 -1 13 -1 -1 9 -1 -1 -1 7 -1 4 -1 -1 -1 6 -1 1
21 23 16 15 14 18 13 1 9 10 -1 22 24 8 -1 19 -1 -1 2 12 20 5 4 6 7 -1 11 -1 3 -1 0
-1 -1 1 -1 10 -1 -1 -1 2 -1 8 -1 7 12 -1 6 -1 -1 9 -1 -1 -1 5 -1 3 -1 -1 -1 11 -1 0
-1 -1 5 -1 1 -1 -1 -1 8 -1 3 11 -1 7 -1 12 -1 -1 13 -1 -1 -1 9 -1 6 14 -1 -1 10 2 0
22 3 14 11 21 16 12 1 23 17 5 15 18 -1 -1 13 -1 -1 9 4 6 8 24 20 10 -1 7 -1 19 -1 0
12 25 13 20 21 17 4 6 9 8 24 7 23 22 1 16 -1 -1 11 2 3 5 15 19 14 -1 18 -1 10 -1 0
-1 -1 1 -1 4 -1 -1 -1 12 -1 5 10 7 6 -1 -1 -1 -1 9 -1 -1 -1 8 -1 11 -1 -1 -1 2 -1 0
-1 -1 13 -1 8 -1 -1 -1 15 -1 5 4 10 7 -1 6 1 -1 12 -1 -1 -1 3 -1 9 2 -1 -1 11 14 0
7 5 12 20 8 4 19 3 14 10 17 9 16 23 -1 18 -1 1 6 25 11 24 15 2 21 -1 22 -1 13 -1 0
2 22 11 23 9 15 12 16 10 4 17 1 13 21 -1 20 -1 -1 -1 18 7 24 6 8 19 -1 5 -1 14 -1 0
-1 -1 7 -1 5 -1 -1 -1 10 -1 2 13 4 12 -1 3 -1 -1 8 1 -1 -1 9 -1 11 -1 -1 -1 6 -1 0
8 24 20 6 14 12 7 10 2 17 15 3 16 4 -1 1 -1 -1 21 11 -1 19 13 5 23 -1 9 -1 18 -1 0
5 19 11 15 9 24 12 7 18 23 3 16 22 10 -1 2 -1 -1 4 21 6 -1 20 13 17 -1 8 -1 1 -1 0
-1 -1 6 -1 9 -1 -1 -1 8 -1 10 3 1 4 -1 12 -1 -1 2 -1 -1 -1 -1 -1 5 -1 -1 -1 11 -1 0
-1 -1 10 -1 2 -1 -1 -1 13 -1 12 9 11 3 -1 6 -1 -1 7 -1 -1 -1 8 0 4 -1 -1 -1 5 -1 1
-1 -1 10 -1 8 -1 -1 -1 5 -1 9 12 4 1 -1 2 -1 -1 6 -1 -1 -1 11 -1 -1 -1 -1 -1 3 -1 0
21 11 14 8 15 25 12 23 20 10 4 16 7 2 -1 6 -1 -1 24 9 17 5 19 3 18 0 13 -1 22 -1 1
7 3 23 24 5 11 2 20 19 17 16 9 8 6 -1 14 -1 -1 22 15 21 4 18 10 13 -1 -1 -1 12 -1 0
7 8 19 24 22 14 11 10 9 16 18 15 5 17 -1 6 -1 -1 4 20 3 13 2 12 23 -1 25 0 21 -1 1
-1 -1 1 -1 6 -1 -1 -1 9 -1 2 5 10 11 -1 4 -1 -1 3 -1 -1 -1 7 -1 12 -1 -1 -1 -1 -1 0
25 20 3 21 5 10 12 8 9 17 24 15 11 23 -1 22 -1 -1 7 19 16 4 14 13 18 -1 6 -1 2 1 0
