30
3
A A O O O A O O A A A O O A O O O O O O O O A A A O A B A O
A O O O A O A A A A B A O A O A B A O A O O O O O A O A A O
AB B A
0 1 2 3 4 5 6 7 8 9 11 12 13 14 15 17 18 19 20 21 22 23 24 25 26 27 28 29
0 1 2 3 4 5 6 7 8 9 11 12 13 14 15 17 18 19 20 21 22 23 24 25 26 27 28 29
1 2 3 5 12 14 18 20 21 22 23 24 26 29
1 2 3 5 12 14 18 20 21 22 23 24 26 29
1 2 3 5 12 14 18 20 21 22 23 24 26 29
0 1 2 3 4 5 6 7 8 9 11 12 13 14 15 17 18 19 20 21 22 23 24 25 26 27 28 29
1 2 3 5 12 14 18 20 21 22 23 24 26 29
1 2 3 5 12 14 18 20 21 22 23 24 26 29
0 1 2 3 4 5 6 7 8 9 11 12 13 14 15 17 18 19 20 21 22 23 24 25 26 27 28 29
0 1 2 3 4 5 6 7 8 9 11 12 13 14 15 17 18 19 20 21 22 23 24 25 26 27 28 29
0 1 2 3 4 5 6 7 8 9 11 12 13 14 15 17 18 19 20 21 22 23 24 25 26 27 28 29
1 2 3 5 12 14 18 20 21 22 23 24 26 29
1 2 3 5 12 14 18 20 21 22 23 24 26 29
0 1 2 3 4 5 6 7 8 9 11 12 13 14 15 17 18 19 20 21 22 23 24 25 26 27 28 29
1 2 3 5 12 14 18 20 21 22 23 24 26 29
1 2 3 5 12 14 18 20 21 22 23 24 26 29
1 2 3 5 12 14 18 20 21 22 23 24 26 29
1 2 3 5 12 14 18 20 21 22 23 24 26 29
1 2 3 5 12 14 18 20 21 22 23 24 26 29
1 2 3 5 12 14 18 20 21 22 23 24 26 29
1 2 3 5 12 14 18 20 21 22 23 24 26 29
1 2 3 5 12 14 18 20 21 22 23 24 26 29
0 1 2 3 4 5 6 7 8 9 11 12 13 14 15 17 18 19 20 21 22 23 24 25 26 27 28 29
0 1 2 3 4 5 6 7 8 9 11 12 13 14 15 17 18 19 20 21 22 23 24 25 26 27 28 29
0 1 2 3 4 5 6 7 8 9 11 12 13 14 15 17 18 19 20 21 22 23 24 25 26 27 28 29
1 2 3 5 12 14 18 20 21 22 23 24 26 29
0 1 2 3 4 5 6 7 8 9 11 12 13 14 15 17 18 19 20 21 22 23 24 25 26 27 28 29
1 2 3 5 10 12 14 16 18 20 21 22 23 24 26 29
0 1 2 3 4 5 6 7 8 9 11 12 13 14 15 17 18 19 20 21 22 23 24 25 26 27 28 29
1 2 3 5 12 14 18 20 21 22 23 24 26 29
1 14 4 13 7 2 9 3 24 18 -1 12 6 11 19 22 -1 21 8 25 26 10 5 17 16 20 15 23 28 27 0
2 0 27 21 23 22 10 26 24 11 -1 25 4 5 8 20 -1 17 3 15 18 19 16 13 9 12 14 6 7 28 1
-1 9 0 13 -1 12 -1 -1 -1 -1 -1 -1 10 -1 7 -1 -1 -1 4 -1 6 8 2 11 5 -1 3 -1 -1 14 1
-1 4 8 0 -1 12 -1 -1 -1 -1 -1 -1 13 -1 2 -1 -1 -1 5 -1 14 3 6 9 10 -1 11 -1 -1 7 1
-1 12 9 3 -1 2 -1 -1 -1 -1 -1 -1 13 -1 14 -1 -1 -1 10 -1 5 7 8 1 6 -1 4 -1 -1 11 0
21 8 9 4 28 0 7 27 2 17 -1 12 15 11 20 26 -1 3 23 14 13 24 18 6 5 16 25 19 10 22 1
-1 11 3 9 -1 2 -1 -1 -1 -1 -1 -1 6 -1 7 -1 -1 -1 8 -1 10 13 5 14 12 -1 4 -1 -1 1 0
-1 7 2 3 -1 4 -1 -1 -1 -1 -1 -1 1 -1 9 -1 -1 -1 13 -1 14 12 11 6 10 -1 8 -1 -1 5 0
22 27 20 4 23 19 11 24 1 17 -1 18 12 13 3 25 -1 21 10 26 16 14 6 7 15 2 5 9 28 8 0
5 4 18 14 20 27 25 16 9 0 -1 26 2 6 24 11 -1 19 15 13 17 3 8 21 7 28 23 10 22 12 1
26 20 15 13 7 3 14 22 9 10 -1 6 19 18 27 21 -1 8 16 2 17 11 24 23 4 1 12 28 5 25 0
-1 6 12 4 -1 2 -1 -1 -1 -1 -1 -1 14 -1 5 -1 -1 -1 1 -1 3 8 13 10 9 -1 7 -1 -1 11 0
-1 8 12 5 -1 10 -1 -1 -1 -1 -1 -1 0 -1 14 -1 -1 -1 11 -1 3 13 2 4 9 -1 7 -1 -1 6 1
28 2 24 26 3 12 13 16 19 17 -1 18 21 1 20 23 -1 11 7 25 8 4 10 6 14 15 22 9 27 5 0
-1 11 10 14 -1 8 -1 -1 -1 -1 -1 -1 13 -1 1 -1 -1 -1 2 -1 7 4 6 5 9 -1 12 -1 -1 3 0
-1 4 1 8 -1 7 -1 -1 -1 -1 -1 -1 13 -1 14 -1 -1 -1 9 -1 5 10 2 11 6 -1 3 -1 -1 12 0
-1 9 12 3 -1 5 -1 -1 -1 -1 -1 -1 2 -1 11 -1 -1 -1 7 -1 10 8 1 14 4 -1 6 -1 -1 13 0
-1 10 5 14 -1 9 -1 -1 -1 -1 -1 -1 3 -1 8 -1 -1 -1 1 -1 12 6 4 2 13 -1 7 -1 -1 11 0
-1 14 5 11 -1 3 -1 -1 -1 -1 -1 -1 10 -1 4 -1 -1 -1 0 -1 8 6 7 13 12 -1 9 -1 -1 2 1
-1 10 8 9 -1 13 -1 -1 -1 -1 -1 -1 14 -1 4 -1 -1 -1 7 -1 6 5 11 1 12 -1 3 -1 -1 2 0
-1 14 4 2 -1 7 -1 -1 -1 -1 -1 -1 9 -1 3 -1 -1 -1 8 -1 0 10 5 11 6 -1 13 -1 -1 12 1
-1 13 9 10 -1 3 -1 -1 -1 -1 -1 -1 11 -1 6 -1 -1 -1 2 -1 5 0 14 7 12 -1 4 -1 -1 8 1
26 9 11 3 2 10 24 14 16 22 -1 25 19 18 28 17 -1 20 6 13 21 23 1 27 7 5 12 8 4 15 0
16 28 4 26 10 11 15 7 3 14 -1 5 12 9 6 13 -1 24 25 8 27 17 23 0 22 19 20 18 21 2 1
27 9 16 25 21 10 12 11 17 4 -1 20 23 19 26 18 -1 14 15 13 3 5 6 24 0 2 22 28 7 8 1
-1 4 9 6 -1 10 -1 -1 -1 -1 -1 -1 8 -1 2 -1 -1 -1 3 -1 14 13 1 11 12 -1 7 -1 -1 5 0
26 14 13 2 16 7 28 19 15 17 -1 6 11 5 25 18 -1 24 4 20 9 12 8 23 22 3 0 21 10 27 1
-1 3 6 2 -1 1 -1 -1 -1 -1 10 -1 8 -1 5 -1 13 -1 4 -1 7 9 14 11 16 -1 12 -1 -1 15 0
21 20 27 8 10 14 17 3 16 13 -1 26 11 7 5 23 -1 18 19 4 12 22 2 9 15 24 28 25 1 6 0
-1 7 5 8 -1 4 -1 -1 -1 -1 -1 -1 12 -1 11 -1 -1 -1 10 -1 14 6 2 13 3 -1 9 -1 -1 0 1
